1|0,1,2|0|0,1,2,3
2|3,1,4|1|4,5,6,7
3|2|2,3,4,5|8,9,10,11
4|2,5,4|6|12,13,14,15
5|6,7,4|7|16,17,18,19
6|5,6,8|8|20,21,22,23
7|7,9,4|9|24,25,26,27
8|2,6,10|10|28,29,30,31
9|5,6|11|32,33,34,35
10|6,9,11|12|36,37,38,39
11|1,6|13|40,41,42,43
12|5,6,7|14|44,45,46,47
13|2,12,8|15|48,49,50,51
14|13,2,6|16,17|52,53,54,55
15|6,14|18|56,57,58,59
16|2|19|60,61,62,63
17|3,5,15|4|64,65,66,67
18|6,10|20|68,69,70,71
19|2,6|21|72,73,74,75
20|6,8|22|76,77,78,79
21|3,1,2|23,24|80,81,82,83
22|13,6,16|25|84,85,86,87
23|5,6|26|88,89,90,91
24|3,2,4|27|92,93,94,95
25|2|28|96,13,97,98
26|2,6,8|29|99,100,101,102
27|3,2,5|30|103,104,105,106
28|1,6,16|31|0,107,108,109
29|3,1,12|32|110,111,112,113
30|6|33|114,115,116,117
31|3,6,4|34|118,13,119,120
32|17,13,2|35|121,122,123,124
33|3,5,4|4|125,126,127,128
34|3,2,5|36|129,130,131,132
35|1,6,10|37|133,134,135,136
36|6,8|38|137,138,139,140
37|6,15|39|141,142,143,144
38|3,5,6|40|145,146,147,148
39|3,5,6|41|149,150,67,151
40|2,6|42|152,153,154,155
41|2|43|156,157,158,159
42|2|44|160,161,162,163
43|6,4|45|164,165,166,167
44|5,6,7|46|168,169,170,171
45|2,6,8|47|172,173,174,175
46|6|48|176,177,178,179
47|13,2,6|49|180,181,182,183
48|17,6,18|50|184,185,186,187
49|2,8|51|188,189,190,191
50|3,1,12|52|192,193,194,195
51|6,8,11|53|196,197,198,199
52|13,2,6|54|200,201,202,203
53|5,6|55|204,67,151,205
54|3,6,4|56|206,14,207,208
55|3,5,6|57|209,210,211,212
56|5,6|5|213,214,215,12
57|3,12,15|58|216,217,218,219
58|13,6,16|59|220,221,149,222
59|6,7,8|60|223,224,225,226
60|6,14,7|60|227,228,229,230
61|2,6,8|60|231,232,233,234
62|3,1,9|61|235,236,237,238
63|2,6,10|62|1,239,240,241
64|5,6|63|188,207,242,243
65|6|64|180,244,67,245
66|2,6,8|65|145,246,247,248
67|2|66|112,249,250,251
68|3,6,12|67|252,253,254,255
69|2,6,8|68|0,256,257,258
70|2,6,8|69|259,260,261,262
71|0,1,6|70,71|263,264,265,266
72|2,12|72|112,267,268,269
73|3,1,2|73|270,271,272,273
74|3,2|74|274,275,276,277
75|17|75,76|278,279,280,281
76|5,6,4|77|282,33,283,154
77|6,7,4|78|284,285,13,286
78|1,6,10|79|133,287,288,136
79|3,5,6|80|193,111,289,290
80|3,2|81|291,292,10,293
81|2,6,12|82,83|188,169,294,295
82|1,9,4|84|296,297,298,299
83|2,6,8|85|300,301,302,303
84|15,9,4|86|166,304,305,306
85|2,5,6|87|307,308,208,309
86|6,8|88|310,311,197,312
87|13,6|89|313,314,315,316
88|2,6,8|90|0,317,318,319
89|9,4|91|193,320,250,321
90|2,8|92|322,323,324,214
91|0,10,12|93|325,326,327,328
92|5,6,8|34|329,183,330,110
93|2,6|94|331,332,333,334
94|2,10|95|335,336,337,338
95|0,1,2|96,97|339,96,340,341
96|3,9,4|98|342,343,344,345
97|1,6,19|99|346,347,273,348
98|5,6,4|100|271,349,350,351
99|0,10,12|101,102,103,104,105,106|352,353,354,355
100|5,6,4|82,83|356,357,358,359
101|0,1,12|107,108,109,110,111,112,113,114,115,116|360,361,362,363
102|0,1,2|117|364,365,366,367
103|0,1,10|118,113|368,369,291,370
104|3,2,10|119|371,372,373,374
105|2|120|375,376,377,57
106|5,6,15|121|378,379,380,381
107|6,8|122|382,207,155,383
108|2|123|384,385,386,387
109|2,15,9|124|388,389,390,391
110|3,1,2|79|392,393,307,394
111|17|125|395,396
112|10,1|126|397,398,399,400
113|1,6,8|127|227,401,402,403
114|20,2,6|128|404,405,406,407
115|17,13|129|408,409,410,411
116|2,8|130|412,301,413,414
117|3,1,4|30|415,416,417,418
118|3,1,6|131|419,107,420,421
119|17,13|132|422
120|2,5,6|133|165,423,424,425
121|3,1,9|61|104,246,298,347
122|2,6,4|134|112,264,426,427
123|2,12,15|135|428,429,430,431
124|6,7|136|432,433,434,435
125|6,12,8|65|12,436,437,438
126|6|137|439,440,441,442
127|5,6|138|443,282,444,445
128|3,2,5|27|92,446,447,448
129|5,8,4|139,140|449,450,451,452
130|5,6,14|141|169,453,454,455
131|2,6,8|142|456,457,458,459
132|1,10,12|143,144,145,146,147|460,461,462,463
133|6,16,8|143,144,148|464,465,466,467
134|6,7|149|468,469,470,471
135|1,9|150|472,473,474,475
136|2,6|151|476,477,478,479
137|6,8|152,153|480,481,482,483
138|3,2,6|154|484,485,486,487
139|2,10,18|155|488,489,490,491
140|1,2,6|156|492,493,494,495
141|3,9,4|98|342,343,344,345
142|0,1,2|155|496,490,497,498
143|13,6,10|157|499,171,500,501
144|3,4|158|25,502,503,504
145|15,9|159|505,4,506,507
146|6,8|160|508,509,510,511
147|3,5,6|161|512,513,514,515
148|1,6,4|162|164,110,516,517
149|6,8|163|518,519,520,521
150|2,6|164|522,523,524,525
151|0,1,2|165|526,527,528,529
152|2,9|15|530,531,532,533
153|2,5|166,167|534,535,536,537
154|2|168|538,534,539,540
155|6,14,8|169|541,153,542,543
156|5,6,4|5|66,213,544,545
157|6,11|55|546,306,547,437
158|1,2,5|170|548,549,550,551
159|6,7,4|171|164,552,120,285
160|5,6,7|172|282,553,554,555
161|3,6,8|34|284,556,110,557
162|6|173|558,559,560,561
163|2,5,7|142|562,171,563,564
164|1,6,9|98|417,565,566,567
165|6|174|568,510,569,570
166|6|174|568,569,571,572
167|2,11|175|573,574,424,575
168|1,2,12|9,168|538,534,540,539
169|0,20,2|176|576
170|6|177|577,578,579,580
171|2,5|178,179|581,582,583,584
172|3,1,12|180|192,193,194,585
173|1,10,12|181|420,586,326,587
174|3,1|84|193,588,589,590
175|6,9|9|591,592,593,594
176|3,1,9|98|16,595,566,596
177|19|182|597,598,599,600
178|5,6|183|601,602,603,604
179|5,6,9|150|605,606,607,608
180|6,11|138|443,609,438,610
181|3,1,12|184|192,193,194,585
182|5,6|26|592,393,336,611
183|15,9|91|612,16,613,614
184|2,15|185|615,616,617,618
185|15,7,4|186|619,620,621,622
186|3,2,5|187|623,376,624,625
187|5,6|138|282,438,531,592
188|6,11|150|626,627,628,629
189|0,20,1|176|576
190|3,13,6|85|630,631,632,633
191|13,6,16|188|634,635,636,637
192|13,6,18|26|592,638,336,639
193|1,13,6|189|640,641,417,642
194|2,5,6|190|294,643,644,295
195|3,9|98|342,566,343,645
196|2,6|191|96,646,647,648
197|2,6|28|649,206,650,651
198|3,5,6|125|219,652,653,654
199|1,6,11|192|655,656,657,658
200|6,15|150|659,660,661,367
201|2,15|185|615,662,663,664
202|2,12,8|193|665,666,667,668
203|6,19|194|598,13,207,669
204|1,2,9|68|428,670,671,672
205|13,6,11|195|673,674,675,676
206|0,3,6|196|677,678,679,680
207|13,2,6|127|510,681,682,683
208|2|197|684,248,685,686
209|2,14|181|687,688,689,690
210|3,1,12|84|193,415,691,692
211|2,6,11|125|693,694,695,696
212|6,8|189|697,227,698,699
213|6,8|88|700,701,691,702
214|0,6,12|198|703,704,705,706
215|6,10,12|199|346,707,708,393
216|2,6,8|181|709,189,194,710
217|15|138|711,712,197,713
218|5,4|26|592,714,715,67
219|15|200|716,717,718,719
220|2,6,8|201|720,721,722,723
221|6,8|202|724,725,726,727
222|9,20,17|203|395
223|6|204|728,729,730,731
224|2,6,8|205|732,733,734,735
225|0,1,2|206,207,117|736,737,738,739
226|3,4|161|25,502,740,503
227|3,1,9|208|741,742,743,744
228|3,1,9|208|741,742,743,744
229|3,1,9|209|741,742,743,744
230|1,2,9|209|741,742,743,744
231|3,1|49|745,15,746,747
232|3,5,6|210|484,748,749,291
233|3,4|80|750,751,752,753
234|1,6,4|84|754,644,56,755
235|2,9|49|659,756,757,4
236|2,6|211|297,758,759,760
237|2,6,8|212|284,761,762,763
238|2,5|82,83|416,17,764,765
239|2,5,6|199|766,767,643,768
240|0,1,2|213,214,215,216|769,25,165,770
241|3,1,6|217|697,771,772,773
242|2,6,14|218|774,775,776,777
243|2,10|62|1,778,779,780
244|3,6,9|219|781,199,782,783
245|3,5,6|220|193,196,784,785
246|2,6,8|44|786,787,788,789
247|3,1,10|221,222|790,791,792,793
248|3,2,5|223|794,795,555,376
249|1,2|224|322,796,797,798
250|3,1,9|225|25,711,594,799
251|2,6,14|226|800,801,802,803
252|3,1,9|84|298,290,804,805
253|6|227|806,807,808,809
254|3,1|49|745,659,810,811
255|2,6,8|228|812,18,813,814
256|2,8|229|815,816,817,818
257|1,2,10|6|111,104,819,628
258|6,7,9|68|820,821,271,822
259|3,1,2|230|823,426,824,825
260|15,9,4|231|826,296,827,828
261|2,6,10|232|829,830,831,832
262|2,6|233|833,834,835,836
263|3,5,9|234|837,838,839,825
264|15,9|235|840,146,841,842
265|3,1,4|158|415,554,641,296
266|12,3,1|236|843,844,845,846
268|2,6,8|44|786,787,788,789
269|2,6|237|847,848,849,850
270|6,9,4|238|647,851,852,853
271|3,1,9|171|854,855,856,857
272|6|239|858,787,725,859
273|3,5,6|217|282,592,110,860
274|2,6,8|240|861,456,655,862
275|6,8|47|260,516,863,519
276|6,8|241|416,864,702,865
277|13,6,16|242|866,296,867,868
278|8,6|243|329,869,870,871
279|6,8|244|872,873,874,875
280|17,13,16|245|876
281|3,1,5|246|877,878,879,880
282|5,6,4|32|881,145,513,208
283|2,6,8|247|882,87,883,884
284|2,6,8|248|346,14,885,128
285|20,6,8|249|886,887,888,889
286|6,8,11|250|149,227,547,77
287|6|251|877,244,531,592
288|15,7|200|138,890,891,892
289|13,6,16|198|11,125,591,893
290|2|51,252|534,535,536,537
291|3,5,6|194|598,13,417,894
292|3,6,16|253|860,425,895,896
293|13,5,6|69|282,180,544,710
294|2,12|66|112,897,898,420
295|3,5,6|254|235,730,827,899
296|6|255,256|900,901,902,903
297|6|257|144,904,905,906
298|3,5,9|258|12,416,315,907
299|5,6|259|826,213,908,909
300|3,1,6|56|193,711,756,240
301|1,2,10|6|111,104,819,628
302|5,6,7|246|208,910,911,912
303|6|257|144,904,905,906
304|1,6,10|260|913,914,915,916
305|6|47|536,315,16,917
306|2,21|261|918,919,920,921
307|6,7,4|46|713,282,922,923
308|6,10,12|262|66,924,925,926
309|5,6,7|263,264|213,545,927,762
310|5,6,4|138|858,15,928,860
311|6,8|265|701,929,930,931
312|5,6,7|194|794,208,932,933
313|6,8|98|244,519,934,168
314|3,1,2|266|935,936,3,937
315|5,6,4|14|938,38,939,940
316|2,6,8|267|659,419,941,761
317|13,6|268|942,697,943,312
318|13,6,16|84|944,316,149,167
319|2,21,8|15|945,138,946,947
320|17,5,6|269,270|948,949,950,951
321|3,5,6|271|952,953,954,955
322|3,5,6|37|152,956,957,147
323|3,1,4|272|4,343,958,959
324|7,4|273|246,183,960,961
325|5,6,4|274|962,145,963,895
326|3,6,11|91|165,964,649,965
327|5,6,4|275|966,66,393,592
328|3,7,4|73|270,812,967,968
329|3,5,6|276|745,909,969,441
330|20,5|277|970,971
331|3,1,6|278|197,554,972,973
332|5,6,7|279|207,974,420,975
333|6,7,4|280|164,33,976,977
334|5,6,4|55|33,728,978,979
335|2|281|980,981,982,983
336|5,4,6|282|984,985,986,987
337|2,6|283|988,989,990,991
338|1,2,10|284|263,992,993,994
339|5,6,4|285|12,206,995,693
340|6|286|996,423,290,997
341|2,6|183|236,436,201,649
342|3,2,5|7|665,247,998,999
343|17,9|287|1000,1001,1002,1003
344|6|288|1004,1005,1006,1007
345|2|15|308,1008,1009,1010
346|5,6,4|5|1011,513,1012,1013
347|2,6|45|206,592,1014,307
348|3,5,6|276|745,909,969,441
349|3,5,6|289|207,329,1015,795
350|3,5,6|290|118,765,166,616
351|12,15,4|291|747,1016,1017,1018
352|2,10,14|292|1019,1020,1021,1022
353|3,1,15|293|1023,7,1024,1025
354|2,14,8|294|156,138,1026,1027
355|6,15,7|45|206,552,513,1028
356|5,6,7|32|32,111,1029,324
357|6|188|1030,1031,1032,1033
358|3,15|295|1034,154,609,1035
359|3,5,4|296|198,166,316,1036
360|5,6,7|297|1037,194,110,1038
361|5,4|298|1039,223,1040,1041
362|3,2,5|187|1042,376,1043,1044
363|3,5,4|299|1045,1046,35,1047
364|1,2,5|300|112,1048,261,1049
365|6,12,7|301|245,1050,1051,298
366|13,6|302|746,120,1052,1053
367|2,8|303|1054,1055,1018,1056
368|2|304|740,1057,1058,1059
369|2,15,9|305|1060,1061,1062,1063
370|6,15,8|306|812,1064,1065,1066
371|6,8|194|598,877,1067,1068
372|2,6|307|1069,1070,1071,1072
373|3,5,9|308|966,424,1073,1074
374|3,1,10|309|1075,1076,793,1077
375|6|171|1078,1079,450,1080
376|2|310|1081,377,1082,1083
377|13,2|311|1084,1085,1086,1087
378|2,6,10|312|1088,1089,1090,1091
379|3,12,15|313|1092,243,1093
380|3,1,7|314|967,1094,1095,1096
381|2,6,8|228|1097,1098,1099,1100
382|2,14|315|1101,911,1102
383|2,10,12|316|765,1103,1104,1105
384|2,5|317|1106,1107,1108,1109
385|3,2,4|98|342,535,1110,107
386|2,12|6|1111,1112,670,1113
387|6,8|26|697,746,712,1114
388|3,2,5|187|1115,1116,1117,1118
389|1,6,10|318|1119,884,5,867
390|2,14|319|1120,1121,1122,350
391|3,1,2|158|342,634,1123,1124
392|6|25|270,1125,1126,1127
393|2,6,10|95|96,257,4,1128
394|2,5,6|284|1129,869,1130,1131
395|1,2,21|197|420,865,1132,269
396|2,5,4|320|1133,1134,1135,139
397|3,5,7|321|25,182,1136,151
398|1,2,10|322,323|1137,154,330,1138
399|3,1,8|231|1139,799,1140,1141
400|2,10,8|324|1142,1143,1144,1145
401|2|325|1146,1147,1026,1148
402|6,12,8|326|153,165,371,1149
403|3,1|49|745,659,810,811
404|0,2,10|327,328,103,329,207,330,106|1150,1151,1152,1153
405|3,1,4|77|284,860,571,917
406|12,15|331|1154,1155,1156,1157
407|2,3|332|1106,1158,295,441
408|0,20,2|176|576,1159
409|2,6,12|138|96,956,1160,1161
410|2,18|333,334|204,1015,1162,665
411|2,8,9|66|1115,1163,1164,1165
412|2|335|1146,1147,1148,1026
413|2,12,15|336|147,1166,1167
414|2|337|925,1168,1169,1170
415|10,2,19|338|1171,1172,1173,1174
416|10,6,1|155|1175,1176,1177,1178
417|1,2,6|339|1179,642,1180,1181
418|6,10,12|85|1182,1183,1184,701
419|2,10,12|155|499,1185,490,1186
420|1,10,12|49|180,1187,701,1188
421|6,8|340|1189,928,154
422|0,1,2|341|1190,266,1191,340
423|10,9|84|1192,1193,1028,1194
424|15,4|291|1195,958,1196,1197
425|2,6|11|188,1198,1199,1200
426|0,3,1|342|1201,1202,1203,1204
427|5,6|343|1205,1206,1207,1208
428|2,6,8|344|1209,374,1210,1211
429|6,9,4|345|713,1212,168,1213
430|2,21,11|346|1214,1215,1216,1217
431|3,1,12|347|1218,1219,1220,415
432|0,10,12|348,349,350,327,102,351,328,103,207,330,352,106|1221,1222
433|2|353|712,329,1223,1224
434|3,1,9|354|1225,1226,1106,1227
435|13,5,6|190|294,643,650,1228
436|2,15|187|1229,1230,1231,1232
437|15|355|1233,1234,1235
438|15|356|1236,1237,1238,1239
439|15|357|1240,1241,1242,1230
440|15|358|1243,1244,1245,1246
441|6,15,7|359|1247,1248,1249,1250
442|15|360|1251,1252,1253,1254
443|6,15,7|186|736,1255,1256,1257
444|15,9,4|72|1258,1259,1260,1261
445|15,4|157|1262,1263,1264,1265
446|15,7,4|361|1196,1266,1267,1268
447|15|77|1269,1270,1271,1272
448|15|73|1205,1273,1274,1275
449|1,7,9|157|741,742,743,744
450|3,1,12|362|741,742,743,744
451|21,8|363|12,1276,155,1277
452|1,6,15|364|754,755,1278,1279
453|1,15,4|365|642,1280,1281,1282
454|6|366|169,1283,57,1284
455|3,1,2|27|92,1285,1286
456|3,2|367|1287,1158,1288,1289
457|1,6,10|368|133,136,1067,1290
458|13,6,16|55|197,315,1046,417
459|2|125|1291
460|6,4|369|659,821,1111,382
461|2,6|370,371|1198,1292,1293,66
462|6,8|372|1294,1295,1296,1297
463|6,10,12|136|1298,1299,1300,1301
464|2,6,8|373|1302,1303,1304,1305
465|1,6,10|374|1306,665,316,1307
466|5,6,4|375|416,1308,1309,1310
467|5,6|376|592,1311,1312,134
468|13,6,18|377|1313,522,1130,1314
469|2,6|141|666,1315,553,1316
470|3,13,6|378,379|235,110,1317,107
471|3,6,7|53|118,189,749,1318
472|3,1,12|380|642,1319,855
473|0,1,10|93|261,56,1320,1321
474|2|150|562,673,1322,1323
475|6|381|1324,1325,1326,1327
476|2|382|573,1328,531,700
477|2,10,12|383|1329,15,1330,616
478|2,8|144|1331,558,477,1332
479|7,8,4|186|477,1333,1334,1335
480|3,1,7|186|1331,1336,1337,1338
481|2,6,8|240|553,1339,1340,1341
482|2,8|240|1342,1343,553,1344
483|6,8,11|384|861,1345,1346,478
484|22,7|385|861,1347,1348,1349
485|6,10,21|144|456,1350,1351,1352
486|2,6,8|240|861,456,655,862
487|2,8|386|1205,456,1353,1354
488|6|387|1355
489|6,22,8|186|1331,1345,478,1356
490|7,8,4|186|1331,1357,1338,1358
491|3,1,8|384,388|1359,1360,1361,478
492|6|389|1362,1363,1364,1365
493|2,5,7|390|1366,1367,1368,1369
494|2,6,8|391|1331,1370,1371,1091
495|3,1,2|294|92,1372,1373,1374
496|6,10,12|151|477,1375,1376,464
497|2,10,8|391|558,1331,1377,1152
498|1,6,8|385|861,558,1378,1379
499|6,8|392|1380,294,1365,1381
500|1,6,10|260|913,914,915,916
501|0,6,10|349,327,103,329,330,106,393|1382,1383,1384,1385
502|2|15|530,1386,1387,1388
503|2,6|394|643,248,1389,1390
504|3,13,5|395|1391,1392,1393,13
505|5,22,4|186|1394,1357,1395,1358
506|6|396|1363,1396,1397,1398
507|6|389|466,443,1399,674
508|13,6|188|204,1400,945,1401
509|13,6|268|697,1402,1403,1404
510|3,1,19|397|118,1405,647,628
511|1,13,6|192|925,656,1406,657
512|6,12,8|398|1407,1408,1409,1410
513|22,7,4|399|468,1411,1412,1413
514|2,8|15|530,531,1236,1414
515|1,6,4|56|1074,1415,1416,1417
516|2,6|400|1418,267,1419,1420
517|2,6,8|15|530,531,455,1421
518|5,6,4|82,83|45,441,220,1422
519|1,6,19|385|861,1423,1424,1425
520|1,6,16|401|1426,272,299,1427
521|6,11|402|592,1428,1429,747
522|2,5,6|403|1430,1431,1432,1433
523|5,6|404|294,1108,1434,1435
524|2,6,11|405|1436,1437,1438,1264
525|5,22,7|391|861,722,1439,1440
526|1,6,16|386|1441,657,1442,1443
527|13,6,16|406|316,1444,1445,1446
528|13,6,16|407|1134,1447,1064,702
529|6,2|64|1448,1449,1450,1451
530|1|385|415,1452,171,1453
531|13,6,14|408|1454,1455,1456,1457
532|5,6,16|409|1458,1459,1460,1461
533|2,6|410|482,1462,1463,1464
534|5,6,8|411|107,1465,1466,1467
535|2,8|412|189,264,763,1468
536|6|413|1469,1470,1471,1472
537|6|239|1473,713,1474,1475
538|0,1,6|414,415|189,794,1476,670
539|2,10|416|97,1477,1478
540|3,2,5|417|152,204,1161,1479
541|3,1,12|231|1218,1288,1480,1481
542|0,1,6|418,419|1482,1483,1484,81
543|6,16|420|209,1485,1486
544|5,6|279|909,670,1487,1488
545|2,12,15|200|1115,150,1489,1490
546|3,5,4|258|12,329,1138,1491
547|5,6|421|1492,1493,1494,1495
548|1,2,10|422|133,1496,427,1497
549|1,13,16|423|944,715,1498,213
550|17|424|395
551|15,7,4|425|1499,1025,1500,1501
552|3,15,9|272|316,544,999,437
553|6,8|372|713,1502,1406,842
554|3,1,9|426|346,1503,1504,1505
555|6,4|427|12,454,1506,1507
556|6|428|1508,1509,1510,1511
557|13,6,14|429|1512,1513,1514
558|13,5,6|135|1515,519,1516,1517
559|6,15|430|196,329,1518,1519
560|1,2,10|431|1520,1521,1522,1523
561|6,15,8|85|592,631,635,701
562|3,8,4|185|552,13,910,244
563|15,7,9|432|1524,1525,1526
564|5,15,4|319|1527,1528,1529,1530
565|15,9,4|433|311,1531,1532,1533
566|3,5,6|434|193,547,1534,127
567|12,15,7|200|718,1535,1536
568|3,1,5|131|713,330,145,1537
569|6,15,8|28|659,746,236,1538
570|1,13,5|435|346,642,13,1539
571|3,2,5|298|56,484,1105,1136
572|3,5,6|162|721,111,1540,292
573|15,9|436|916,1541,1542,1543
574|6,7,8|437|702,1544,107,759
575|2,19|438|709,337,1545,1546
576|3,1,4|161|966,1547,927,1548
577|2,9|439|1549,1550,1551,376
578|3,5,9|440|966,152,145,1552
579|2,5,4|441|424,1544,1538,250
580|2,6|442|1553,1554,1555
581|5,6,4|443|196,1556,1557,984
582|6,14,8|444|17,66,296,914
583|3,5,6|445|711,1558,67,1559
584|6,10,12|446|1560,1561,1562,700
585|2,6,8|447|1563,1564,1565,1566
586|3,2,7|448|291,1567,1568,1569
587|5,6,16|449|1570,1571,1572
588|0,10,12|450,451|1573,1574,1575,496
589|3,1,19|452|655,369,1576,1577
590|15,9|453|1578,1579,1580,1581
591|5,6,7|290|1582,894,1583,1584
592|5,6,7|194|598,1585,1586,1587
593|6,11|454|1588,1589,1590,1591
594|6,8|275|1592,1593,1594,1595
595|3,6,18|34|592,152,1596,154
596|0,6,10|450,451|1597,1598,1599,266
597|3,6,7|72|342,444,908,1164
598|6|455|1600,1601,430,1602
599|3,2,5|27|446,1603,1604
600|6,1|456,457|4,1605,868
601|1,6,16|148|1606,1345,1607,1608
602|6,21,8|458|1609,1610,1611,1612
603|7,4|186|477,1357,1613,1614
604|2,8|151|1615,1616,1617,1618
605|2,6,10|458|460,1619,1347,1620
606|6|459|1621,1622,1623,1624
607|6,7,8|186|1625,1626,1623,1627
608|22,7,8|186|1345,1205,1628,1629
609|2,10,8|460|375,531,1630,1631
610|2,21,8|458|1610,1632,1633,1634
611|6,22,7|461|1635,1636,1637,1638
612|1,6,12|151|1639,1640,1641,1642
613|2,6,8|462|1366,1643,1644,1645
614|6,19|463|1380,1646,1363,1647
615|7,4|186|1648,1649,1650,1651
616|15|464|1652,1653,1654,1655
617|6,14|465|1656,1657,1658,1659
618|6,8|466|655,1333,1660,1661
619|5,6,7|467|259,13,182,821
620|5,6|172|137,13,1392,34
621|10,19,1|468|1176,459,1662
622|1,10|469|993,1175,1663,1664
623|2,10,12|470|392,1402,1665,670
624|0,2,10|327,206,329,330,471|1666,1667,1668,366
625|0,1,2|117|1669,1670,1671,1672
626|0,6,10|472,207|1365,1673,1674,1675
627|3,1,6|426|346,207,565,329
628|5,6,4|45|108,1676,592,1283
629|2,21|473,142,474|499,1236,1677,1678
630|3,1,2|142|553,1343,1396,1679
631|5,6,8|430|437,453,1680,1681
632|6,8|220|877,536,992,1682
633|0,6,10|68|112,1683,1684,1685
634|17|475,476|77,1686
635|15,4|433|1687,535,622,1688
636|3,9|433|235,599,369,1689
637|15|477|1192,1690,1691,1692
638|13,5,6|478|510,1693,1694,1695
639|6,11|479|1696,1697,1698,1699
640|5,6|227|1700,1066,201,1701
641|6,11|150|1702,1703,1704,1705
642|5,6,4|306|1111,794,757,1706
643|6|130|197,1707,1708,1709
644|17,5,6|480|1710,1711,1712,1713
645|17|481|1714,1715,1716,1717
646|19|182|1718,559,1719,1720
647|3,6|13|1721,1722,1723,1724
648|2,6,8|482|1725,1088,1726,1727
649|5,6|182|592,1587,1728,336
650|6,12|483|1729,1730,1731,1732
651|13,6,16|53|264,118,420,207
652|2,6|484|711,213,56
653|5,6,22|149|1441,622,1412,1733
654|6,7,4|485|659,1392,1734,1735
655|1,6|181|1736,1473,1737,1738
656|5,6,7|486|1349,1739,1740,1741
657|6,7,9|100|1742,1743,1744,1745
658|2,6,14|487|1746,1747,1748,1749
659|2,5,4|151|1331,1750,1364,1381
660|6|488|168,869,1029,1255
661|3,6,4|489|1606,464,292,1751
662|6,12,8|364|311,1752,171,1753
663|2,6|344|562,1339,1389,1754
664|6,8|490|1755,1756,1757,1758
665|3,15,9|280|16,1759,1124,1760
666|15|491|1761,1762,1763,1764
667|6,12,15|157|1765,197,532,1766
668|2,15,9|492|1767,1768,1244,1769
669|15,4|493|505,1770,1771,1772
670|15,9|436|916,1541,1542,1543
671|6,15,9|494|1262,1773,1774,1775
672|15,4|495|1776,1777,853,350
673|5,4|26|592,714,715,67
674|12,15,4|496|1567,605,338,1778
675|12,15|497|1779,1780,1781,1782
676|6,16|54|697,712,222,315
677|6|498|459,1783,1784,1785
678|3,6,9|499|111,1014,708,895
679|1,12|500|342,1786,1732,1787
680|12,3,1|236|843,844,845,846
681|12,15|501|1788,1789,1535,1790
682|15,7,4|502|1791,1792,1793,991
683|6|125|1794,1795,1796,1797
684|3,5,6|56|598,1064,14,1798
685|3,1,4|503|235,750,1799,154
686|5,6,4|194|346,598,297,1800
687|3,2|309|1110,1525,1801,1802
688|2,10|125|1803,1804,1805,1806
689|3,5,6|423|25,1582,768,1807
690|1,13,6|504|196,867,1808,1809
691|7,9,4|67|1810,1811,748,1212
692|2,6,8|181|164,757,609,428
693|5,6|26|592,552,336,1587
694|6,8|505|1812,1813,1814,1815
695|2,6,8|506|989,1816,1817,1818
696|6|507|282,794,1013,1819
697|13,5,6|508|244,611,1820,1821
698|6|509|1822,1823,1824,1352
699|6,10,8|510|712,45,429,1138
700|2|511|182,1825,125,1826
701|17,13,16|512|1827,1657,1828
702|2,6,8|513|1829,1830,1831,840
703|2,5,7|514|1826,1832,1180,1681
704|6,8|219|1833,1834,1835,1836
705|2,21,8|515,516|1609,1837,1838,1839
706|15|493|1421,1533,1840,1841
707|6|69|1842,453,999,1843
708|6,8|517|1844,1845,1846,1847
709|2,6,8|340|1848,1849,1850,1851
710|2,8|518|794,1852,1853,1854
711|6|519|1149,1855,985,1856
712|2,6|45|56,15,1857,1583
713|6,8|520|826,223,631,1289
714|13,6,8|521|312,591,1858,1859
715|2,5,6|239|113,1860,1861,1862
716|2,6,8|522|17,866,649,295
717|6,4|523|165,554,1863,1568
718|17,20|524|1864,1865,1866,1867
719|2|525|1868,693,1330,47
720|3,1,8|326|415,1582,199,1869
721|2,8|44|1223,1870,789,1871
722|2,8|95|259,290,1110,1113
723|2,6|526|371,1029,138,881
724|6,8|527|137,795,1872,1873
725|2,5,8|528|915,1848,1105,376
726|6,10,12|529|513,626,323,1874
727|13,6,14|495|711,1875,1707,1876
728|2,8,9|530|342,15,312,1877
729|6|467|271,944,1180,1878
730|13,5,6|531|1879,569,1880,682
731|2,6,8|532|393,371,1881
732|2,8|530|536,16,1877,1882
733|6,8|533|1883,1884,1885,1886
734|2|337|371,1887,104,1888
735|6|100|0,118,1889,1890
736|13,6,8|406|1891,1892,1893,1894
737|2,6,8|534|259,1554,296,972
738|2,8,6|535|1600,44,648,1895
739|2,8|528|1582,812,1371,1597
740|6,8|536|1187,1896,1897,1898
741|2,5,6|537|813,1283,838,1550
742|3,5,4|31|270,14,1899,109
743|3,12,4|538|682,995,1900,1901
744|13,6,4|430|1902,812,1903,944
745|2,6,21|445|1904,1905,1906,1907
746|2,8,9|539|110,1908,1909,740
747|20|540|1910
748|3,1,8|434|110,864,1911,1912
749|2,8|541|1913,1914,1915,1916
750|6,16|84|207,1552,197,1917
751|3,1,4|542|4,591,446,1918
752|3,5,4|397|1919,840,927,448
753|6,11|543|1920,1921,1922,1923
754|5,6,4|488|1582,1924,159,1925
755|3,1,10|544|96,1926,1927,1928
756|2,10,8|460|375,531,778,1630
757|1,6,10|545|1929,1930,1931,1932
758|3,9,4|546|1933,1934,1935,1936
759|13,6,4|164|1195,1937,1938,1939
760|9,4|296|1940,1941,1942,1943
761|3,5,6|298|180,1944,1759,747
762|2,6,8|87|1860,1945,838,1946
763|2,18|367|156,1569,1947,1948
764|2,8|547|182,1949,1950,972
765|2,6,8|548|1115,1951,1799,1802
766|2,6,8|45|96,747,894,1952
767|15|436|1953,747,1954,1955
768|2,10,12|549|1956,1957,1958,638
769|3,1,7|550|894,1959,254,80
770|5,6,7|551|118,151,1017,895
771|3,5,9|552|713,855,1960,1961
772|6|553|1962,1963,1964,1965
773|15,4|554|1966,1967,1968,1969
774|3,5,6|555|747,1970,1776,1874
775|2,6,8|64|812,642,438,508
776|6,12|539|153,565,878,1971
777|6,15,7|556|1972,1973,1974,1975
778|2,6,8|557|443,180,1392,1976
779|3,1,4|298|152,1977,1978,829
780|2|334,333|112,913,1946,1979
781|2,6,8|435|189,536,985,1980
782|5,6|558|213,344,1981,1982
783|2,8|337|1983,417,1984,605
784|2,15|559|1985,796,1986,1987
785|2,8|560|509,866,1988,127
786|2,8,6|409|509,999,1111,1311
787|2,6|561|1679,1989,290,440
788|6,15,4|562|1990,1991,1992,1993
789|2,5|563|208,1994,1995,46
790|1,2|317|1287,1996,1997,1998
791|2,6,10|564|1999,2000,2001,2002
792|2,5|15|794,98,449,1311
793|2,6|565|1584,1491,2003,2004
794|2,6,8|133|416,1013,2005,2006
795|0,2|125|2007,2008,2009,2010
796|2,8|566|745,512,311,502
797|3,5,9|299|1045,2011,2012,896
798|3,1,2|32|197,2013,358,2014
799|2|125|2015,2016,2017,2018
800|12,15,7|433|296,1784,1074,1274
801|2,10,18|567|108,2019,2020,2021
802|3,4|258|2022,2023,2024,1051
803|5,6,8|568|1182,2025,2026,2027
804|5,2,6|45|336,329,60,965
805|2,7|15|530,531,2028,1303
806|5,6,4|569,570|2029,2030,2031,2032
807|6,8|253|2033,2034,2035,2036
808|13,6,18|306|2037,2038,2039,2040
809|3,5,6|189|415,152,66,1481
810|3,1,5|347|554,2041,283,248
811|13,6,14|571|2042,2043,2044,2045
812|1,6,10|457|1881,2046,2047,2048
813|17,16|572,573|2049,1343,2050,2051
814|17,14|574|2052,2053,2054,2055
815|2,6,8|242|746,64,2056,2057
816|15|575|1777,2058,2059,1488
817|6,4|576|2060,2061,2062,2063
818|2,6|565|1035,1585,2064,2065
819|2,18|447|371,1877,1136,2066
820|0,1,2|577|2067,2068,1035,2069
821|2,6,8|337|1339,1135,823,2070
822|6|578|2071,508,2072,2073
823|5,6,7|278|714,1983,1311,544
824|2,18|548|513,298,2074,2075
825|9,4|579|291,2076,2077,2078
826|3,1,2|79|934,2079,1023,2080
827|3,1,6|380|966,2081,964,2082
828|1,10|580|2083,2084,2085,1441
829|3,1,5|581|826,44,442,1154
830|3,7,4|582|2086,2087,2088,2089
831|3,1,9|433|235,357,144,2090
832|2,10,12|560|371,510,2091,2092
833|3,2,5|313|2093,156,444,2094
834|15,4|583|1689,1056,2095,2096
835|2,21,8|584|2097,2098,1644,1641
836|2,8|585|2099,1389,2100,1263
837|2,6,8|151|1606,2101,479,2102
838|3,6|586|446,2103,2104
839|1,6,12|587|1887,828,594,2105
840|3,5,6|588|25,2106,2107,747
841|3,2,5|589|750,2108,242,969
842|6,10|590|2109,2110,2111,674
843|2,10,12|591|1,2112,2113,2114
844|2,5,6|592|748,2115,2116,2117
845|2,6,14|593|2118,1594,131,2119
846|6,12,8|594|247,746,928,2120
847|17,6|595|2121,2122,2123,2124
848|17|596|395
849|3,6,18|34|284,113,438,1015
850|17|597,598|2125,2126,2127,2128
851|2,6|599|2129,2130,2131,2132
852|5,6|600|2133,2134,2135,2136
853|2,6,15|125|2137,2138,2139,481
854|2,15,9|135|2140,2141,2142,2143
855|4|601|2144,2145,1700,2146
856|2,6|403|508,712,1224,2147
857|17|602|2148,2149,2150,2151
858|15|603|2152,2153,2154,2155
859|15,7|604|2156,2157,2158,2159
860|5,6,15|130|609,2160,2161,2162
861|15|605,606|2163,171,1689
862|2,10|316|342,1081,377,318
863|6,16,11|607|2164,2165,2166
864|1,2|317|553,272,376,338
865|6|47|536,315,16,917
866|2,6,12|90|12,666,1811,1137
867|13,6,8|608|628,762,2167,2168
868|17,11|609|2169,2170,2171,2172
869|2,6,8|610|2173,126,1116,2174
870|6,7,9|125|748,2175,2176,2177
871|2|611|2178,2179,1015,2180
872|6,8|612|2030,1888,1585,2181
873|2,6,8|613|2182,2183,108,59
874|6|614|726,2184,2185,2186
875|6,8|160|33,1568,382,12
876|3,2,5|615|2187,291,2188,2189
877|3,2,5|440|1054,46,747,932
878|2,5,10|155|2109,488,2190,497
879|3,4|616|64,113,2191,2192
880|2,6|617|908,2193,1888,2194
881|3,2,5|615|2187,291,2188,2189
882|6,8|446|169,2195,700,2196
883|6,14|618|108,938,2197,2198
884|17,14|403|2199,2200,2201,2202
885|15,9,4|583|925,130,2203,2204
886|2,5,12|381|17,1491,2082,813
887|6|619|2205,2206,2207,513
888|6,8|241|152,1567,1079,2208
889|6,14,8|620|2209,2210,2211,2212
890|3,1,12|621|1288,2213,2214,2215
891|6,16,8|622|2216,2217,2218,2219
892|2,10,9|623|96,441,1569,2220
893|2|309|1,1531,1916,2221
894|2,5,10|624|2057,2222,2223,2224
895|15,7|200|1163,2225,2226,2227
896|6|48|594,2228,2229,2230
897|9|625|2231,2232,2233,1972
898|3,1,6|99|346,442,2030,2234
899|6|626|2235,312,2236,2237
900|13,6,16|26|2238,2239,2240,2241
901|1,2,10|27|1106,1506,2242,2243
902|2,5|82,83|721,765,290,357
903|2,6,8|627|714,2244,1600,1326
904|6|628|2245,2246,2247,2248
905|6,8|629|647,882,2249,434
906|2,5|187|267,1311,1117,2250
907|20,6|630|2251,2252,2253,2254
908|2,5|43|2255,2256,2257,2258
909|13,6,8|631|2259,1810,2260,2261
910|6|632|2262,2263,1508,2264
911|6,12,8|633|2265,2266,2267,2268
912|3,5,4|503|111,152,2269
913|2,6|634|1498,2270,2271,2272
914|5,6,7|635|108,1860,2273,2274
915|2,6|28|12,312,728,168
916|3,1,10|162|1811,798,2275,2276
917|3,5,6|507|25,554,2277,2278
918|6,12,8|549|416,189,2279,2280
919|12,9|178,179|2281,2282,2283,582
920|6|172|2284,565,282,2285
921|6,14,8|636|2286,2287,20,2288
922|6,12,19|403|180,2289,672,1051
923|6,16,8|8|20,2290,2291,2292
924|1,6|91|721,167,1429,2293
925|5,6,7|125|2294,1959,2295,2296
926|2|637|1476,1946,1073,614
927|6|638|2297,2298,2299,2300
928|6,12,15|535|2301,2302,2273,2303
929|2,6,10|639|2304,2305,2306,1105
930|3,6,9|80|713,207,2307,2261
931|15,9,4|640,641|443,110,867,2302
932|10,2|642|1081,2308,2309,2310
933|5,6|436|747,545,1954,1707
934|2,6,12|643|118,2311,1052,2312
935|6,16,11|644|756,2313,2314,1182
936|2,6,8|645|804,1554,1324,2315
937|6|646|746,715,1719,169
938|2,8|647|941,1946,1113,58
939|6,4|648|329,108,711,616
940|2,5,14|353|823,357,156,1287
941|2,6|649|336,823,1981,2316
942|13,6,14|523|2317,2318,2319,2320
943|5,4|650|1874,2321,2322,232
944|2,6|643|15,2312,2214,2323
945|2,7,8|515|1331,456,190,1164
946|0,1,6|651,652,653|2324,235,2325,2326
947|1,6,18|225|2327,727,1980,2328
948|2,8|654|2329,2330,2331,2332
949|2,6,8|646|2333,2334,2335,627
950|6,14|655|169,2336,2220,2337
951|6,10,12|656|2338,846,2076,2066
952|2|371,370,657|2339,428,2340,2341
953|2,6|658|666,220,2342,2343
954|17|659|2340,2344,2345,2346
955|6,8|660|647,232,2347,2348
956|2,6|661|294,1255,25,1983
957|2,6|47|172,2349,2350,2351
958|6,16,11|8|2352,20,2353,2354
959|2|660|2355,2356,799,2357
960|2,6|614|867,2358,726,2359
961|13,6,12|620|2360,2361,2362,2363
962|6,8|257|974,2364,2365,2366
963|20,6,4|662|728,2367,730,2368
964|2,6,8|514|1982,1445,851,1411
965|2,21,8|515|456,2097,2369,2370
966|6,8|346|1331,2371,2372,2373
967|6,10,8|663|2374,656,2375,2376
968|2,21,8|664|2377,2378,2379,2380
969|0,20,2|117|1669,366,602,2381
970|2,6,14|665|2382,2383,2384,2385
971|2,6,11|666|2386,2387,2388,2389
972|6|136|347,150,1006,2390
973|17,20,14|667|395
974|5,6,4|130|257,417,2391,2392
975|6,4|172|1465,2115,2393,2081
976|3,9,4|668|2394,2395,243,2396
977|3,5,6|669|546,2397,1487,996
978|6,7,4|670|554,1506,869,2086
979|6,4|671|1079,864,18,2398
980|6,8,11|672|714,2399,555,2400
981|3,5,6|673|2401,2402,2403,2404
982|3,5,7|674|1045,2405,1880,2406
983|4|675|1799,268,2217,2407
984|3,4|378|291,166,343,2408
985|1,6,4|53|244,1917,1212,2409
986|3,4|676|393,1946,2410,2411
987|3,12,4|677|301,2412,2413,2414
988|2,8|678|2415,2416,1048,2417
989|0,2,10|679|1499,2418,2419,2420
990|6,8|680|1139,2421,2422,2423
991|5,6,4|681|1874,236,976,2203
992|2,4|682|66,813,2424,934
993|0,1,2|96,97|2425,2426,2427,15
994|13,6|683|2428,713,2429,2430
995|2|684|2431,2432,2433
996|2,10,18|685|2434,2435,1916,2436
997|2,6|193|2437,2438,628,2439
998|1,2,8|686|667,2440,1467,2441
999|2,7|499|2442,10,1786,47
1000|2,19|79|398,761,2179,2443
1001|2,1|187|1110,2444,2445,2446
1002|2|687|154,923,2447,2448
1003|2,5,10|155|2109,488,2190,497
1004|6,16,19|588|1039,13,438,2449
1005|6,12,14|60|223,2450,2451
1006|3,6,9|398|1408,2452,2453,2454
1007|2|688|2455,2456,2457,1165
1008|13,6|689|1953,2458,2459,2460
1009|6,7,8|690|2461,2462,2463,2464
1010|13,6|691|1742,255,46,1871
1011|2,5,4|692|1819,2359,913,1918
1012|13,2,6|325|2465,2466,2467,2468
1013|3,1,15|693|1161,2404,860,1874
1014|2|694|840,2469,1913,884
1015|6,10|695|2470,2471,2472,2473
1016|3,5,4|696|2474,2475,2243,2476
1017|2,6|697|1414,2477,357,2478
1018|2,5,6|638|60,125,2479,2480
1019|3,5,6|258|1919,2481,2482
1020|5,6,22|144|2483,1345,468,2484
1021|2,20|698|2485,2486,2487,2488
1022|2|699|2489,2490,2491,2492
1023|2,8|530|96,709,1008,1567
1024|20|125|2493,2494,2495,412
1025|3,6,4|700|750,2496,2408,2497
1026|2,6|701|2498,2323,2499,2500
1027|5,6,4|702|2501,2502,2503,2504
1028|2,8|703|190,553,2505,2506
1029|2|704|1563,844,482,2441
1030|2,10|324|3,2507,1166,770
1031|10,1|705|2508,2509,1116,2510
1032|2,10,18|706|2511,2310,2512,2513
1033|1,2,10|707|428,257,2514,2515
1034|3,1,4|708|1045,2516,2214,2517
1035|1,2,10|65|874,394,2518,2519
1036|2,6,12|709|2520,2521,1765,2522
1037|2,6,21|710|2523,746,2524,2525
1038|5,7,4|711|2526,2527,2528,629
1039|6|85|2529,299,2530,2531
1040|2,5,8|712|307,145,2532,2533
1041|2,8|713|709,2534,314,2535
1042|3,5,6|714|415,826,2335,2536
1043|6,10,2|715|1106,670,2537,2538
1044|2,6|31|745,438,756,509
1045|3,13,6|716|2539,2540,2541,2542
1046|5,7,4|507|554,113,246,368
1047|2,8,9|193|745,666,2543,2544
1048|2,6,8|29|1583,2545,2546,100
1049|2,10|717|2547,2548,535,47
1050|2,6,12|459|1635,1350,1623,2549
1051|2|718|371,98,597,2550
1052|2,12,15|197|1106,992,1069,269
1053|2,6,8|719|2551,1105,2083,1983
1054|2|720|2552,246,1113,1525
1055|6,2|721|375,45,894,327
1056|15|235|2553,2281,2554,2555
1057|2,8|722|2556,882,2557,1099
1058|6|488|397,346,2336,2558
1059|2,5|723|2559,2560,2561,2562
1060|1,6,10|439|181,2563,2564,1762
1061|2,6,8|724|1339,107,67,453
1062|3,6,16|725|555,2565,2566,2567
1063|6,10,12|629|2568,2569,520,2570
1064|5,6,22|726|2571,2572,1576,2573
1065|17,14|727|2574,2575
1066|0,1,6|728|108,1137,1013,266
1067|2,5,6|729|2576,2577,2578,2579
1068|6,8|177|2580,2581,2582,2583
1069|2,5,6|730|2584,2585,141,2586
1070|2,6|731|357,2587,18,2588
1071|2|732|988,2433,2256,2589
1072|2,8|733|2590,154,2591,1166
1073|5,4|381|2592,518,1324,2593
1074|2,6,8|134|712,647,1913,2119
1075|2,6|734|2195,1402,1066,1554
1076|0,1,2|735,544|335,2594,2595,2596
1077|5,8,4|736|1825,762,2597,1972
1078|17|737|2598
1079|2,12,21|738|1738,1235,2599,2600
1080|2|739|2601,2602,2603,2604
1081|2,5,4|740|2590,2605,1578,2606
1082|6,4|741|2360,707,2607,2608
1083|5,6,4|742|1860,1392,109,2609
1084|17,13,11|743|631,2610,756,2611
1085|6,8|725|330,1271,2612,1362
1086|6|363|2613,1315,2614,2615
1087|3,18|744|2616,2617,2618,2619
1088|3,2,9|745|1045,2620,2621,589
1089|3,1,5|131|145,1039,547,2622
1090|6,4|434|552,2590,546,868
1091|1,10,12|746|2623,643,2624,2625
1092|2|528|941,2626,2627,1174
1093|2|747|915,2628,2535,2629
1094|2,5,6|748|105,2207,2630,2631
1095|2,5,8|749|1545,844,2632,2633
1096|2,6,8|750|198,249,324,2634
1097|2,6,8|751|2635,2636,1863,2002
1098|2|752|1950,183,2637,2638
1099|6,8|753|2639,2640,2641
1100|2,6,8|754|2607,2642
1101|2,6,7|51|155,104,166,38
1102|2,8|755|125,1983,2643,1819
1103|5,6,4|756|2217,2587,2644,2645
1104|2,5,6|757,758|2646,2647,2648
1105|4,3|759|2649,641,1487,1540
1106|3,5,6|660|881,2650,647,2651
1107|3,6|760|183,2652,2313,2653
1108|5,6,7|761|616,2654,2655,2656
1109|6,7,4|485|16,316,2657,2658
1110|3,2,9|762|287,1960,1195,2659
1111|6,8|763|2660,2661,2662,2663
1112|13,6,18|248|111,811,780,2664
1113|13,6|627|169,1708,264,247
1114|2,5,6|764|2665,1311,2666,2667
1115|2,6,8|765|2668,2669,2670,2671
1116|3,1,8|766|2672,2673,1361,2674
1117|13,6,8|88|197,2675,290,1521
1118|2,14|767,768|128,2676,1228,2677
1119|6,8|703|1874,869,671,2424
1120|2|769|190,2678,1271,2679
1121|6,21,8|770|114,2680,2681,2682
1122|5,6,22|771|2683,2684,478,2685
1123|6,8|392|1380,2686,1225,1375
1124|6,8,11|772|2687,1606,1704,2688
1125|15|773|2371,2689,2690,1822
1126|1,6|401,774,489|2691,2692,2693,2694
1127|2,6,9|191|112,894,1945,2675
1128|17,13|775|2695,2696,2697,2698
1129|5,6,8|776|2699,2700,2701,2702
1130|17,13,7|777|2703,2704
1131|3,5,4|778|2705,2706,1154,2619
1132|2,5,6|779|713,813,628,1491
1133|1,10,12|780|1353,1394,1689,2707
1134|6,16|565|2708,1529,2279,2709
1135|13,6,14|55|110,189,1079,1994
1136|6,16|181|554,1587,1776,371
1137|2,6,8|781|2710,2711,2712,2713
1138|3,2,5|43|2714,2715,1050,2716
1139|2,5,6|265|1326,986,2717,139
1140|2,6|198|197,1013,264,794
1141|17,16|782,783|2718,2719,2720,2721
1142|17,18|784|2722,2723,2724,624
1143|5,6|286|2725,2726,882,513
1144|6|785|2727,2728,2729,2730
1145|6,18|786|714,347,730,2731
1146|6,2|787|2270,2732,1738,451
1147|2|125|2733,2734,2735,2736
1148|0,2,10|125|395,396
1149|1,6|788|2737,2738,2739,2740
1150|6,4|644|552,221,1015,247
1151|3,5,6|789,790|2741,2742,1011,645
1152|13,6,8|406|2743,137,2744,145
1153|13,6,14|265|2399,2745,1902,2746
1154|6,7,9|599|2747,2748,1607
1155|2,8|791|2749,2750,2751,2752
1156|5,6|792|2753,2700,2754,2755
1157|15,7,9|299|283,151,2756,2757
1158|6|793|2758,2759,2760
1159|6,9|794|2761,2762,2763,2764
1160|2,6,8|795|1597,2765,2766,2767
1161|2,5|796|1487,2768,2769,2770
1162|2|797|2771,2772,2773,2774
1163|6,8|444|113,1064,1857,1029
1164|1,2,10|457|2434,827,2024,2775
1165|2,4|798|1104,1110,2776,1414
1166|6,8|799|2777,2778,2779,2780
1167|2,6|800,801|932,910,2781,2782
1168|6|690|713,2783,2784,2785
1169|5,6,4|778|2786,1198,513,2787
1170|2,6|752|2788,2789,2790,2791
1171|6|802|2792,2793,2794,2795
1172|2,6|803|189,757,2796,1801
1173|6|804|2797,2798,2799,2800
1174|6,22,4|805|1337,1334,1576,2801
1175|2,8|806|2802,2477,605,2803
1176|6,11|163|2532,204,509,2804
1177|2,1,10|678|1597,1392,241,814
1178|1,2,10|720|2093,2805,2806,2807
1179|3,2|18|111,2808,2809,2810
1180|3,2,8|460|714,812,2811,977
1181|3,2,5|807|2108,1759,1163,2812
1182|2,5,4|394|2178,1546,98,2813
1183|3,2,5|808|204,748,1798,254
1184|17,1,18|809|2814,2815,2816,2817
1185|2,11|810|1563,2715,287,1802
1186|8,2,6|811|2030,1537,2818,2819
1187|3,5,6|812|2820,2821,2822,2823
1188|3,19|813|484,748,749,329
1189|13,6,8|50|2824,629,2731,2825
1190|2,8|441|1328,1136,2826,2827
1191|5,6,7|814,815|2828,609,2829,2830
1192|6|302|917,2831,2832,2833
1193|6,11|816|2834,2835,2836,2837
1194|5,6|278|2838,2622,2839,2840
1195|2,6,8|817,818|2841,2842,2843,2844
1196|13,6|819|2845,2846,2847,2848
1197|2,6|820|438,1786,2194,933
1198|5,6,4|821|2849,2850,2851,2852
1199|2,15|822|814,2853,2854,2855
1200|1,6,10|823|1359,1525,2856,2857
1201|17|824|1657,2858,2859,2860
1202|2|825|2861,2862,2863
1203|2,21,8|584|2097,2098,1641,2864
1204|2,11|585|1643,2865,2866,2867
1205|6,4|521|1137,183,510,2868
1206|6|826|1702,2869,1175,2617
1207|5,6,4|786|2870,819,1311,293
1208|3,5,4|276|2870,513,416,419
1209|2,6|90|375,686,2871,324
1210|3,5,9|159|118,1506,910,2765
1211|6,8|827|715,111,1046,2872
1212|6|125|2873,2874,2875,2876
1213|5,6,4|183|2877,885,2408,1754
1214|13,6,15|828|2878,2879,2880,2881
1215|3,9|829|2882,2883,2884,2885
1216|6,8|830|2886,2887,2888,2889
1217|3,5,4|73|966,125,290,2890
1218|2,6|831|2404,2187,1888,2891
1219|0,1,2|832|2892,2893,266,2894
1220|5,6,8|253|2225,2079,2557,1212
1221|6,8|833|909,189,440,1881
1222|3,5,6|162|484,761,307,2745
1223|0,2,6|125|769,2895,870,2896
1224|2,6,18|394|2897,823,98,2898
1225|2,6|834|2899,168,2900,2901
1226|5,6|183|909,594,1568,698
1227|2,6,8|69|1199,259,2902,2903
1228|3,4|813|750,2904,2905,2906
1229|6,4|835|2802,131,853,2907
1230|2,6|141|2908,2505,2909,810
1231|3,1,5|37|750,2910,306,2911
1232|17,14|649|11,2912,2913,2914
1233|6|836|2834,2915,2916
1234|2|837|2917,2918,1165,2919
1235|2,8|125|2920,2921,2922,2923
1236|20,2|838|2924,2925,2926,2927
1237|5,6,7|189|974,513,909,880
1238|6,8|839|2792,2794,2928,2929
1239|3,1,2|161|512,626,1877,2343
1240|3,5,6|840|2930,2931,1961,227
1241|2,6|306|2474,2932,2933,2934
1242|2|841|2935,2936,2937,2938
1243|12,15,7|842|2939,2940,2941,2942
1244|3,2,5|843|1115,2943,2944,2945
1245|2,5,6|844|2034,213,2946,2947
1246|1,2,5|845|337,1422,2948,2949
1247|8,19|846|771,869,666,138
1248|5,6,7|467|771,198,2214,2950
1249|2,6,8|6|428,1542,2951,2952
1250|3,5,6|847|2953,1569,450,2954
1251|2,8|848|2955,2956,2957,2958
1252|6|599|2959,2960,1546,2961
1253|5,6,4|849|2643,2962,1981,2963
1254|2,5|210|336,392,2327,2207
1255|2,6,8|850|988,2964,2965,508
1256|6|851|2966,453,2967
1257|6|851|2966,453,2967
1258|2,8|120|2342,913,922,2968
1259|2,8|852|648,1014,765,2969
1260|13,6,8|446|244,867,2846,2970
1261|6,8|561|2195,2242,2971,2972
1262|2,6,8|853|2973,2974,2587,1014
1263|6|854|2975,986,2976,2977
1264|3,1,2|300|105,2978,2979,1198
1265|2,6|855|2980,2981,2982,2983
1266|2,6|856|2984,2985,2986,2987
1267|5,6,7|565|66,220,1491,2633
1268|6,8,4|485|1028,2988,259,77
1269|2,5,6|240|1606,456,1632,2989
1270|2,10|857|428,334,97,2990
1271|1,2,6|181|397,1597,1008,2991
1272|2,6,8|858|2992,2993,2994,2995
1273|7,8,4|859|25,2996,785,2997
1274|3,5,9|860|1154,2998,2999,3000
1275|3,5,4|861|2705,2217,592,3001
1276|6,18|862|1330,3002,1414,3003
1277|3,5,6|831|1163,3004,2193,3005
1278|13,6,14|863|1161,3006,3007,3008
1279|3,1,2|470|2563,3009,3010,2608
1280|3,5,6|864|3011,2034,3012,642
1281|17,13,18|784,865|3013,3014,944,3015
1282|6,2|866|1270,1269,190,344
1283|2,8|539|553,190,3016,3017
1284|5,6,7|276|877,944,344,3018
1285|2,6,16|867|2868,2520,3019,536
1286|2,6,14|226|800,801,802,803
1287|2,10,18|868|3020,3021,3022,3023
1288|2|869|2550,3024,3025,3026
1289|2,6,8|870|3027,1138,3028
1290|6,8|871|296,883,3029,2592
1291|2,18|872|2093,337,376,2827
1292|2,10,12|394|3030,3031,134,3032
1293|1,9,10|873|878,3033,2698,3034
1294|17,13|874|3035,3036,3037,3038
1295|2,5,6|875|3039,819,2557,1953
1296|2,6,8|876|555,119,956,107
1297|2,6,8|613|1391,757,558,3040
1298|2,21,8|458|2097,3041,1611,3042
1299|6,8|463|3043,1331,1673,3044
1300|8,2|877|3045,3046,514,3047
1301|2,11|530|665,3048,3049,3050
1302|2|878|3051,3052,3053,3054
1303|3,5,6|452|1426,3055,3056,3057
1304|3,5,6|879|3058,3059,840,3060
1305|1,2|123|1934,3061,3062
1306|6|880|3063,3064,3065,3066
1307|17,13,14|881|3067,3068,3069,3070
1308|2,6|882,883|3071,3072,2608,2086
1309|6,8|884|3073,3074,3075,3076
1310|6,11|885|1636,3077,3078,3079
1311|2,6,8|886|2311,150,3080,3012
1312|2,6,8|887|3081,3082,3083,3026
1313|5,6,7|479|204,864,450,3084
1314|3,1,5|313|1960,320,1759,1977
1315|6,8|527|1861,1676,442,3085
1316|6,8,19|59|643,77,296,98
1317|6|534|1039,2946,3086,1134
1318|17|888|3087,3088,3089,3090
1319|6|889|3091,3092,508,3093
1320|6,4|890|3094,1994,2399,1601
1321|0,1,2|70,891,892|105,3095,109,1801
1322|17,20|893|395
1323|6|894|3096,3097,3098
1324|3,5,6|895|3099,3100,3101,3102
1325|6|896|3103,3104,3105,2301
1326|6,8|897|3106,3107,3108,3109
1327|5,6,8|898|199,213,1986,3110
1328|6|899|125,1212,3111,3112
1329|6|662|2597,1313,436,524
1330|6,8,11|900|77,3113,3114,3115
1331|17,14|901|3116
1332|23,6|902|3117,3118,3119
1333|5,6|903|3120,3121,3122,3123
1334|2,6|3|2005,66,1406,3124
1335|6|904|206,2280,2786
1336|2,10,12|567|837,134,3125,3126
1337|2,10|905|2028,665,3127,3128
1338|6,11|788|3129,2417,3130,3131
1339|2,6|906|3132,3133,3134,3135
1340|6,8,4|907|3136,3137,3138,3139
1341|6,8,11|908|3140,3141,3142,3143
1342|2,12,15|909|3144,3145,3146,3147
1343|6|910|3148,3149,3150,3151
1344|6,8|911|3152,3153,3154
1345|5,6,7|912|3155,3156,2292
1346|6,14|785|3157,3158,3159,3160
1347|6|913|808,3161,3162,3163
1348|20,6|914|3164,3165,3166,3167
1349|2,8|915|3168,3169,3170,3171
1350|6|916|3172,3173,3174
1351|2,8|917|3175,541,80,627
1352|6|918|3176,3177,3052,3178
1353|8,6|919|3179,3180
1354|6|883|3181,3182,3183,3184
1355|13,6|920|264,3185,267,3186
1356|8,2|921|3187,3188,3189,3190
1357|8,11,6|922|910,3191,3192,3193
1360|13,2,8|923|3194,3195,3196
1361|2|924|3197,3198,3199,3200
1362|3,2|925|3201,3202,1429,3203
1363|17|926|1446
1364|5,6,14|927|449,3204,3205,2224
1365|6|928|3206
1366|17,6|599|3207,3208,3209
1367|6,12,15|497|3210,1656,3211,3212
1368|6|929|2846,1514,3213,2246
1369|6,7,11|930|3214,3215,3216
1370|6,7,8|836|3217,3218,3219,3220
1371|3,6,9|931|3221,3222,1420,3223
1372|5,6,22|149|3224,3225,1412,3226
1373|2,6|932|3227,3228,3229,3230
1374|6,8|933|3231,3232,3233,3234
1375|6|934|3235,3236,3237,3238
1376|2|935|205,3239,1852,423
1377|2,6,8|936|3240,1873,3241,3242
1378|17,14|937|3243,3244,3245,3246
1379|2,8|938|3247,3248,3249,3250
1380|6|898|3251,2585,1902,828
1381|6|939|201,436,3252,3253
1382|6,8|940|3254,3255,3256,3257
1383|1,2,6|941|3258,3175,497,3259
1384|5,6|942|3260,3261,3262,3263
1385|2,8,6|438|1980,3264,868,3265
1386|15,9|943|3266,3267,3268,3269
1387|6,8|547|1949,9,3270,3271
1388|6,7,8|944|3272,3273,3274,3275
1389|6|945|3276,3277,3278,3279
1390|5,6,4|946|3280,3281,3282,1066
1391|2,6,11|599|3283,3284,3285,3286
1392|6|947|2335,2788,523,974
1393|2,7|125|3287,3288,3289,3290
1394|6,7,8|948|2307,682,3291
1395|5,6,8|949|3292,3293,3294,3295
1396|6|61|3296,3297,3298,3299
1397|6,8|950|3300,1621,3301,3302
1398|6,7,4|951|3303,3304,3305,1458
1399|5,6|57|209,3306,3307,3308
1400|6,8|952|3309,1481,3310,3311
1401|6,8|953|3312,2041,3313,1041
1402|3,1,2|954|3314,3315,3316,3317
1403|13,2,6|955|3318,3319,3320,3321
1404|2,6|956|3027,1760,3322
1405|6|957,872|3323,3324,3325
1406|6,8|958|3326,3327,917,3328
1407|3,5,6|693|966,552,1587,2473
1408|2,6,10|959|3329,3330,3331,3332
1409|0,2,10|652|1546,3333,3334,3335
1410|24|960|3336,3337,3338,3339
1411|1,2,12|961|560,3340,3341,1915
1412|0,1,10|962|3342,3343,3344,3345
1413|3,1,2|963|1045,1112,2208,751
1414|3,2,4|964|2270,1630,267,2162
1415|3,6,10|210|2617,3346,2805,3347
1416|3,4|965|2577,3348,3349,3350
1417|6|966,967,968,969,970,971,972,973,974,975,976,977,978,979,980,981,982,983|3157,3351,3352,3353
1418|6|370|3354,3355,3356,3357
1419|3,12,8|984|1218,2394,3358
1421|2|125|3359,3360,3361,3362
1422|6,4|985,986|3363,3364,3365,3366
1423|6,15,4|125|3367,3368,3369,3370
1424|2,6,8|987|3371,26,3372,3373
1425|2,6|267|714,1047,2897,3374
1426|2,6,14|2|3375,3376,3377,3378
1427|6|988|865,3379,3380,3381
1428|6|660|3382,3383,3384,3385
1429|2,6,12|989|882,262,383,285
1430|6,16|990|1917,3386,1529,3387
1431|4|991|3012,3388,3389,3390
1432|2,6|665|614,508,3391,3392
1433|3,6|992|3393,3394,3395,3396
1434|2,5,8|993|3397,3398,3399,3400
1435|2|80|909,555,3401
1436|6,8|241|1582,698,649,3402
1437|2,14,8|994|3403,3404,3405,3406
1438|6|995|1490,2116,3407,1052
1439|5,6,8|996|1489,1163,2116,3408
1440|5,6,18|654|3409,874,2034,3410
1441|2,6,8|377|1103,371,3411,3412
1442|6,8|407|165,711,438,3413
1443|13,6,18|997|977,3414,2872,3415
1444|2,5,10|155|2109,488,2190,497
1445|6|998|3416,3417,3418,3419
1446|20|999|395
1447|6,8|1000|1124,2217,453,3420
1448|6,8|802|114,569,3421,3422
1449|6|1001|3423,3424,3425,3426
1450|1,8,11|1002|1394,1657,3427,3428
1451|3,8,4|186|3429,3430,3431,1623
1452|2,14,7|1003|2101,3432,3433,3434
1453|2,12,8|1004|3435,1622,478,3436
1454|8,19|1005|1725,3437,3438,3439
1455|2,6,8|1006,391|3440,3441,464,1423
1456|3,1,2|385|861,3442,3443,1378
1457|2,8|1007,1008|3444,1170,3445,3446,396
1458|2,21,8|463|2097,1131,3447,1626
1459|6,14|1009|3448,3449,3450,3451
1460|2,8|1010|3452,3453,3454,3455
1461|2,14|1011|1131,3447,3456,3457
1462|5,6,8|802|114,569,3458,2759
1463|2,6,18|1012|3459,3460,3461,3462
1464|6|1013|438,198,2608,1997
1465|2,6|883|3071,238,3463,3464
1466|6|1014|701,3465,3466,1538
1467|6|1015|392,1860,1504,3467
1468|6|1016|938,3468,3469,3470
1469|1,2,6|1017|2563,938,773,3471
1470|0,3,1|1018|3472,3473,3474,3475
1471|12,15,4|159|298,2969,1054,3476
1472|15|1019|3477,3478,3479,3480
1473|2,6,10|1020,1021|3481,3482,3483,3484
1474|2,8|1022|2438,3485,3486,3487
1475|2,6|1023|3488,3489,3490,3491
1476|3,5,4|514|342,3492,3493,2328
1477|6,15,4|1024|3494,1324,714,3495
1478|3,5,6|569,570|2030,306,2187,2447
1479|5,6|125|2992,3496,3497,3498
1480|2,10,12|155|2687,3499,3500,3501
1481|2,6|1025|2745,2115,857,2356
1482|17|1026,1027|3502,3503,3504
1483|3,1|1028|244,3312,1064,510
1484|2,5|1029|3505,3506,555,328
1485|6|1030|3507,3508,3509,3510
1486|1,5,6|1031|1166,19,2221,374
1487|2,6,8|239|851,611,2617,3511
1488|6,8|174|3512,3513,3514,3515
1489|2|1032|546,19,1166,672
1490|6|1033|3516,3517,3518,3519
1491|3,6,4|1034|3520,3521,3522,3523
1492|2,6,12|1035|3524,3525,3526,3527
1493|2,6,8|1036|3528,482,3529,3530
1494|2,7,4|1037|3531,3532,3533,3534
1495|6,8|730|3535,1154,2585,3536
1496|2|1038|1110,3537,1330,2473
1497|17,13|1039|499,722,3538
1498|17|1040|3539,3540,3541,3542
1499|20|1041|3543
1500|2|357|935,3544,3545,3546
1501|6,11|1042|1920,3547,3548,3549
1502|2,8|1043|1874,1029,3550,3551
1503|1,6,10|1044|2551,3552,3553,1160
1504|2|825|2861,2862,2863
1505|13,5,6|1045|1587,646,3554,3555
1506|6|1046|3556,3557,3558,3559
1507|2,5|1047|2908,3560,2297,3561
1508|6,4|618|1054,1870,730,3562
1509|2,5,10|703|335,1887,57,2811
1510|2,5,6|1048|1596,45,56,298
1511|2,6,8|1049|308,296,634,3563
1512|6|1001|3564,3565,3566,3567
1513|2,8|319|3568,1122,3569,1528
1514|2,6|1050|3570,2497,638,3571
1515|1,8|504|2424,635,1728,110
1516|20,6,14|1051|3572,3573,3574
1517|1,2,6|1052|1799,3011,1850,1862
1518|6|1053|715,1799,880,761
1519|5,6|1054|3575,3576,3577,3578
1520|5,4|125|3579,3580,3581,3582
1521|2,8|250|1860,1954,1029,1811
1522|4,5,6|1055|998,424,45,1811
1523|2|644|3157,415,1547,3583
1524|6,16,7|1056|3584,3585,3586,1699
1525|2,6,8|54|1056,3587,2182,3588
1526|5,6,8|191|193,556,3589,2177
1527|2,8|324|2560,1003,3590,3591
1528|2,6,9|36|129,2303,3592,3593
1529|2,6,11|1057|3594,3595,3596,3597
1530|13,6,16|88|714,882,3598,2946
1531|1,10|1058|798,1315,2717,3599
1532|6|1059|1951,3600,3601,3602
1533|6,8|1060|2908,3603,3604,3605
1534|2,6|1061|3606,3607,3608,3609
1535|5,6,4|1062|571,403,3610,3611
1537|2,6,14|541|3612,3613,1099,521
1538|5,6,8|1063|3614,3615,3616,3617
1539|6,12,15|125|3618,3619,3455,3620
1540|10,1,6|210|2408,3621,3622,3623
1541|6|1064|2459,1506,3624
1542|6,8|407|165,711,438,3413
1543|6,8|1065|3570,2177,3625,2979
1544|2,10,8|610|1531,2434,3626,3627
1545|6,8,11|1066|3628,3629,3630,45
1546|6,8|578|3631,3632,3633,3634
1547|6|1067|3635,3636,1376,3637
1548|3,4|604|548,3638,128,3639
1549|4|1068|78,3640,548,1993
1550|5,2,12|1069|1798,323,3641,65
1551|5,6|1070|3495,3642,3643,3644
1552|3,5,6|786|111,46,3645,3646
1553|5,4|1071|247,439,2609,2769
1554|6|1072|32,1125,640,441
1555|0,1,9|1073|3647,3648,3649,3650
1556|3,6,4|1074|1474,3651,3652,90
1557|2,6|1075|3653,3654,2403,3655
1558|6|1001|3656,3657,3658,3423
1559|3,6,4|1076|844,3659,3660,3661
1560|2,7|499|2442,10,1786,47
1561|17,6|1074|3662,3663
1562|17,11|1062|3664,969,3665
1563|6,16|1077|3666,3667,1483,3668
1564|2|1078|3669,3670,3671,3672
1565|13,6,16|1079|3673,3674,3675,3676
1566|6,11|1080|3677,3678,3679,1375
1567|2,6,8|1081|3680,3681,3682,3683
1568|2|1082|3684,3685,3686,3687
1569|2|1083,1084|3688,3689,3690,3691
1570|2|1085|3692,3693,3694,3695
1571|6|1086|3696,3697,3698,3699
1572|6|1087|3700,3701,3702,3703
1573|15,7|1088,373,961|2959,2849,560,1102
1574|19|1089|434,3704,3705,1238
1575|6|1060|3706,2164,3707
1576|12|1090|3708,3709,3710,3711
1577|1,6|33|378,381,3712,116
1578|25|1091|3713,3714,3715,3716
1579|5,7,8|1092|60,3717,125,3718
1580|6,8|805|3719,3720,3721,3722
1582|5,22,4|1093|3723,3724,3725,3726
1583|6,15,7|1094|3727,3728,3729,3730
1584|6|1095|3731,3732,3733
1585|17|1096,1097,1098,1099|3734,3735,3736
1586|3,5,6|258|1919,2700,3737
1587|19|1100|1322,1669,3738,3739
1588|2|1101|3740,3741,3742
1589|2,12,7|1071|3743
1592|2|1102|3744,3745,3746,3747
1593|2,5,4|1103|296,3748,3749,3750
1594|3,1,6|1104|2645,3751,3752,3753
1595|3,5,6|231|2591,3754,3755,3756
1596|3,9,4|1105|3757,3758,3759,3760
1597|5,6|1106|910,3761,3762,3763
1598|5,6,4|514|66,2745,985,7
1599|2,6|1107|3764,3594,3765,3766
1600|2,6|817,818|3767,2843,2841,3768
1601|2,15,4|1108|1414,2367,285,3313
1602|6,8|778|762,518,1466,1489
1603|6|1109|2974,3769,3770,3771
1604|5,22,4|1110,1093|3772,3773,3774,3775
1605|2,5,6|1111|3776,3777,3778,3779
1606|5,6,7|263,264|213,545,927,762
1607|5,6,8|949|3292,3293,3294,3295
1608|2,6,8|1112|3780,3781,3782,3783
1609|2|1113|1799,181,1041,981
1610|3,5,6|1114|748,3784,3785
1611|2,6|1115|3786,200,3787,3788
1612|6,8,4|534|3789,3560,3790,2946
1613|3,6,4|943|3791,3267,3792,3793
1614|2,8|458|1350,3794,716,3795
1615|3,1,12|716|3796,3797,3798,3799
1616|6,7,8|1116|3800,2275,3801,3802
1617|2,8|806|2802,2477,605,2803
1618|5,4|436|747,2870,826,90
1619|6,8,11|1117|3803,3804,1449,3805
1620|2,6,12|310|2560,1490,3537,3806
1621|2,6,8|163|214,3807,3304,3808
1622|6,8|490|1755,1756,1757,1758
1623|5,6,7|1062|2584,3809,2909,3810
1624|15,4|1118|3811,3812,3813,3814
1625|6,15,4|1024|3494,1324,714,3495
1626|2,6|1119|3815,3816,3817,3818
1627|2,6|754|3819,2642,3820,3821
1628|6|1120|1513,3822,3823,3824
1629|17,13,14|1121|3825,3826,3827,3828
1630|6|1122|3829,3830,3831
1631|6|1123|3832,725,3833,3834
1632|6,11|998|1902,3835,3836,3837
1633|2,6,7|1124|3838,1953,3839
1634|6|1125|3840,3841,3842
1635|2,8|1126|3843,3844,3845,3846
1636|2,6|1127|3847,3848,3849,3850
1637|2,6|1128|1953,3851,3852,3853
1638|5,6|635|974,3854,3855,3856
1639|6,8|1129|3857,3858,3859,3860
1640|2,6|1130|569,3861,3512,3862
1641|6|1131|3863,3864,3865,3866
1642|6,16|1077|201,3867,3868,1914
1643|6,8|1132|383,3762,3157,3869
1644|2|1133|3870,2965,1132,1386
1645|2,6|430|3871,3872,3873,3874
1646|1,6|136|2553,3875,3876,3877
1647|5,6,8|1134|1961,3878,3879
1648|6,8|1135|2301,1193,3880
1649|17,2,5|525|3881,3882,3883,3884
1650|2,6|430|3871,3872,3873,3874
1651|6,7,4|1136|1708,375,3885,3886
1652|6,8|636|2286,20,3887,2290
1653|13,6,8|1137|1981,609,2224,3888
1654|2|837|2917,2918,1165,2919
1655|2,8|718|3889,1728,246,196
1656|2,8|1138|3789,283,3890,3891
1657|3,1,5|395|13,1860,3892,3893
1658|6|519|1149,1855,985,1856
1659|2|1139|376,2049,553,1988
1660|6|721|3894,3895,3896,3897
1661|2,6|1140|1940,308,3898,3899
1662|2,6,8|1141|1013,910,2868,3900
1663|6|1142|3901,1680,3902,3903
1664|2,5|1143|336,3904,2079,3905
1665|6|1144|2243,3906,1964,3907
1666|6,8|1145|3101,3908,3909,3910
1667|6,10,8|125|3911,3912,3913,3914
1668|2,8|1146|3375,3915,305,3916
1669|24|1147|3917,3918,1817,3919
1670|2,4|1148|3920,3921,3922,3923
1671|6,8,4|1149|1680,999,3924
1672|2|638|3925,1028,60,3926
1673|7,4|726|1205,148,190,3927
1674|6|1150|3928,3929,3930,3931
1675|5,6|402|204,26,649,3932
1676|2,8|125|2557,3933,3934,3935
1677|6|1151|3936,840,3937,3652
1678|6|1152|3938,3939
1679|5,6,8|16|3940,2458,814,3941
1680|2,6,12|989|882,262,383,285
1681|17,2|92|105
1682|6|1153|3942,3943,3944,3945
