196	594
196	122
186	628
186	64
186	1001
186	649
22	1340
22	720
22	1119
22	1134
22	1527
22	938
244	1611
244	1084
244	1016
244	497
244	1391
244	1552
244	141
244	1143
244	1183
244	66
166	325
298	730
298	989
298	912
298	695
298	1029
298	1455
115	827
115	421
115	1616
115	873
253	945
253	413
253	1352
253	709
305	1233
305	400
305	29
305	1533
305	1468
305	1389
305	10
305	1202
305	413
6	218
6	442
6	1424
6	769
6	669
6	598
6	19
6	966
6	1320
62	916
62	1455
62	544
62	122
62	621
62	1064
62	1345
62	263
62	1593
62	401
286	891
286	693
286	1523
286	1071
286	927
286	1407
286	793
286	28
286	1353
286	1522
286	1421
286	1615
200	990
200	1231
200	1191
200	1000
200	1619
200	1313
200	639
200	1109
200	947
210	253
210	979
210	838
210	893
210	756
210	177
224	361
224	1461
224	194
224	1578
224	170
224	1500
303	516
303	1104
303	1219
303	1313
303	1600
303	926
303	888
303	1328
303	911
303	1211
303	551
303	1298
303	1226
303	495
303	883
303	898
303	1025
303	281
303	227
303	1099
122	37
122	1640
122	839
194	1381
194	1132
194	1434
194	1535
194	1095
194	129
194	935
194	1453
194	1296
194	300
194	1202
194	1604
194	928
291	1087
291	1273
291	1448
291	1234
291	646
291	332
291	942
291	65
291	983
291	152
291	724
291	659
234	1322
234	898
234	560
234	121
234	346
234	420
234	1672
234	345
234	90
234	408
234	351
234	278
234	716
234	1098
234	1393
234	1182
234	565
234	553
234	1342
234	701
119	260
119	586
119	1246
119	1322
119	1644
119	1440
119	295
119	1299
167	239
167	981
167	1057
299	685
299	674
299	883
299	356
299	1097
299	989
299	661
299	324
299	1537
299	1606
299	626
299	167
308	336
308	820
308	256
308	1014
308	10
308	771
308	393
308	1088
308	508
308	1331
308	451
308	325
308	441
308	1186
308	606
308	278
95	1387
95	283
95	169
95	885
95	1399
95	218
95	321
95	1247
95	1374
95	542
95	780
95	1382
38	499
38	386
38	775
38	1258
38	1628
102	1482
102	54
102	534
102	1499
102	190
102	1437
102	498
102	348
102	393
63	1395
63	1239
63	387
63	1049
160	765
160	1515
160	626
160	1052
160	710
50	723
301	1468
301	981
301	424
301	1175
301	723
301	1116
301	206
301	1484
301	1340
301	675
301	706
225	35
225	833
290	762
290	830
290	604
290	818
290	1414
290	1308
97	882
97	536
97	1555
157	1120
157	1206
157	120
181	894
181	804
181	559
181	310
181	423
181	1617
181	63
181	577
181	167
181	402
181	1407
181	454
181	1548
181	1231
181	183
181	599
181	1468
181	735
278	1535
276	491
276	146
276	1026
276	577
276	836
276	861
276	852
276	793
276	307
276	883
276	315
276	994
276	1398
276	587
276	111
276	1405
276	1142
276	1144
276	638
276	995
276	1052
7	695
7	1285
7	899
7	746
7	1491
7	1061
7	1360
7	924
7	1472
7	1412
7	860
7	1184
7	976
7	698
7	921
7	1414
7	362
10	1341
10	1289
10	305
10	1272
10	317
10	794
10	1656
10	981
284	478
284	348
201	354
201	1139
201	858
201	1544
201	1245
201	1335
201	1473
201	1092
201	457
201	704
201	880
201	1095
201	929
201	881
201	571
201	721
287	1426
287	536
287	110
246	153
246	1457
246	925
246	844
246	1499
246	1171
246	882
246	1030
242	1217
249	1284
249	435
249	1197
249	1092
249	1210
249	36
249	1302
99	1497
99	1286
99	769
99	1213
99	921
99	1397
178	301
178	1041
178	251
178	951
178	306
178	691
178	1203
178	1238
178	1293
178	297
178	426
251	1186
251	654
251	768
251	1422
81	185
81	1119
81	1547
260	1060
25	842
25	506
25	572
25	671
59	392
59	1027
59	759
59	1275
59	322
59	104
59	1412
59	879
59	1448
59	449
59	996
59	714
59	706
59	1222
59	1511
59	819
72	1293
72	1390
72	857
72	430
72	242
72	1046
87	1252
87	836
87	221
87	1029
87	1271
87	1232
87	1485
87	1442
87	595
42	1145
42	303
42	508
42	942
42	1545
42	1468
42	502
42	1607
292	1067
292	689
292	1368
292	888
292	193
20	859
20	1108
13	999
13	1561
13	186
13	987
13	1269
13	1438
13	1337
13	84
13	1407
13	429
13	1475
13	552
13	1331
13	1045
13	1389
13	539
13	918
13	1202
13	1486
13	1557
13	256
13	1471
13	1357
13	1214
13	1436
13	713
138	297
138	1427
138	204
60	1330
60	1355
60	1107
60	614
60	1272
60	247
60	381
60	1278
60	853
57	118
57	1502
57	645
57	127
57	1416
223	134
223	1154
223	1477
223	1121
223	877
189	1380
189	879
189	31
189	472
189	188
189	1598
189	1038
189	255
243	529
243	232
243	689
243	869
92	1192
92	1341
92	548
92	1039
92	366
92	1115
92	187
92	1454
92	908
92	1362
92	1599
92	1316
92	911
92	1080
92	1555
92	1145
241	1105
254	567
254	1285
254	576
254	1616
254	1414
254	1454
254	1377
293	561
293	1514
293	1255
293	1127
293	110
293	1353
293	752
293	1200
293	1388
293	602
293	1340
293	1466
293	1194
293	993
293	1573
293	1449
127	1171
222	1643
222	875
222	539
222	355
222	1547
222	853
222	1538
222	1330
222	610
222	511
222	1600
222	1157
222	1303
222	1611
222	544
222	1501
267	1324
267	1047
267	708
267	1448
267	286
267	152
267	1140
267	1345
11	992
11	93
11	947
11	1371
11	1230
11	946
11	1262
11	1077
8	681
8	1129
8	1277
162	1422
162	758
279	1443
279	14
279	1091
279	1550
279	530
279	329
279	770
279	1501
279	424
279	138
279	1518
279	658
279	1424
279	1006
279	1304
279	1222
279	1273
279	269
145	1604
145	1045
145	579
145	810
145	967
145	1072
145	1263
145	1377
145	708
145	960
145	1664
145	1599
145	435
28	280
28	45
28	1183
28	1064
135	738
135	1058
135	495
32	251
32	754
90	1081
90	74
90	752
90	1256
90	1061
90	791
90	95
90	1041
90	37
90	264
90	985
90	616
216	1622
216	622
216	844
216	906
216	1001
216	174
250	68
250	968
250	1642
250	143
250	271
271	1050
271	1209
271	1537
271	764
271	49
271	903
271	1662
271	105
271	450
271	245
271	649
271	556
265	514
265	293
198	819
198	1660
198	1203
198	227
198	1121
198	551
198	1098
198	394
168	1472
168	462
168	915
110	744
110	45
110	620
110	547
110	482
110	26
58	314
58	1071
58	92
58	830
58	1521
58	968
58	1169
237	952
237	1662
94	1561
94	1293
94	1202
94	816
94	924
94	645
94	1549
94	883
94	1464
94	48
94	1295
94	1099
94	272
94	1433
94	57
94	875
128	1539
128	152
128	1174
128	782
128	298
128	755
128	250
128	1504
44	196
44	1122
44	92
44	128
44	1332
44	271
44	512
264	543
264	315
264	1054
264	1001
264	48
41	1315
41	1257
41	600
82	1210
82	410
82	406
82	29
82	731
82	684
82	380
262	1341
262	1510
262	257
262	285
262	895
262	875
262	823
174	1143
174	233
174	1278
174	855
174	1622
174	1038
174	1121
174	17
43	1160
43	1439
43	1319
43	871
43	1184
43	1616
43	1277
43	866
43	1474
84	275
84	928
84	698
269	752
269	928
269	344
269	1547
269	1145
269	529
269	1615
269	520
269	253
269	273
269	1284
269	1249
269	314
259	576
259	1412
85	637
85	339
85	117
85	1109
85	940
85	1415
85	44
85	262
85	747
85	1559
85	1110
85	975
213	608
213	1375
213	773
213	1228
213	1145
213	822
121	1049
121	1561
121	44
49	944
49	147
49	803
49	1057
49	1295
49	505
49	485
49	578
49	1339
155	836
68	1094
68	959
172	1206
172	573
19	498
268	755
268	865
268	28
268	777
268	725
268	952
268	572
268	1612
268	915
268	157
268	637
268	77
268	537
268	281
5	1356
5	297
5	63
5	67
5	748
5	1540
5	479
80	596
80	1042
66	397
66	856
18	1341
18	1519
18	263
18	678
18	1007
18	507
18	499
18	444
18	630
18	1284
18	205
18	1556
26	1289
26	643
26	1318
26	1307
26	1602
130	1303
130	663
130	1366
130	1655
130	650
130	381
130	999
130	1501
130	1333
130	1612
130	978
130	1403
130	1480
130	633
130	308
256	861
256	895
256	1165
256	1670
256	1308
256	1302
256	898
256	663
256	970
1	1350
1	1025
1	1444
1	360
1	952
1	959
1	737
1	894
1	823
1	506
1	1511
56	1333
56	787
56	1480
56	136
56	1436
56	1208
56	1478
56	1679
15	1452
15	549
15	114
15	1551
15	1403
207	17
207	626
207	1298
207	604
207	338
207	1174
207	1000
207	1379
207	1009
207	947
232	741
232	730
232	337
232	963
52	679
52	1567
52	947
161	1205
161	1058
161	63
148	137
148	303
148	489
125	526
125	1140
125	1560
125	1061
125	1585
125	857
125	1640
125	10
83	1602
83	33
83	1200
83	1097
83	351
83	394
83	506
272	658
272	618
272	686
151	1294
151	1114
151	1140
151	539
151	561
151	798
151	1522
151	1012
151	828
151	358
151	1141
151	984
151	1146
54	217
54	1622
54	603
16	57
16	1241
16	1482
16	956
16	1440
16	863
91	671
91	650
91	513
91	530
294	859
294	1598
294	855
294	967
294	1304
294	1015
229	277
229	796
36	578
70	872
70	940
70	1043
70	579
70	696
70	1443
14	1604
14	1041
14	1036
14	80
295	37
295	681
295	820
295	34
295	821
295	864
295	1232
295	547
233	336
233	379
233	1137
233	748
233	953
214	152
214	1587
214	523
214	1211
214	124
214	1175
192	1377
192	1205
100	281
100	1425
100	1445
307	176
307	621
307	979
307	48
307	757
297	1585
297	1362
297	1305
297	1056
297	268
297	1088
297	379
297	1344
193	500
193	692
193	1442
193	471
193	961
113	470
113	1529
113	1560
275	251
275	732
275	993
275	1416
219	1054
219	581
218	852
218	728
218	582
123	1260
123	378
123	433
158	1469
158	1349
158	567
158	164
158	813
158	702
158	812
302	244
23	598
23	632
23	769
23	180
23	578
23	1148
23	783
296	1609
296	933
296	1041
296	575
296	1274
296	1188
33	651
154	1327
154	679
154	1463
77	702
77	749
77	169
270	424
270	1559
270	502
270	1017
270	280
270	393
187	207
187	1267
187	797
170	967
101	1271
101	1194
101	1024
184	1401
184	1098
184	838
184	759
184	1675
184	139
184	895
184	1342
184	1038
184	519
184	625
112	1186
112	1147
133	836
133	1352
215	1016
215	248
215	1082
215	1639
69	1317
69	1632
69	818
104	105
104	399
104	1482
104	1029
104	865
240	1233
144	61
144	444
144	460
144	425
144	995
144	1485
144	252
144	506
144	1489
191	724
191	449
61	138
142	558
142	510
177	1644
177	1185
177	313
177	570
177	138
203	233
203	1238
21	1516
21	472
21	778
21	697
21	1504
21	1553
21	848
21	946
197	491
197	755
197	1030
197	324
197	1204
134	413
180	1595
180	645
180	1115
236	1168
236	1110
236	1673
236	726
236	995
263	265
263	773
263	754
263	1578
263	1500
109	1658
109	1185
109	1424
109	777
109	307
109	1096
109	1195
109	1261
109	756
109	521
64	523
64	658
64	1327
64	1280
64	465
64	1347
64	1353
64	1160
114	113
114	778
239	1601
239	1527
239	59
239	616
239	129
239	735
239	1225
117	1068
117	727
117	537
117	1549
65	1261
65	1347
65	920
65	949
137	358
137	1377
257	820
257	1638
257	547
111	790
285	185
285	190
96	429
96	111
96	529
116	461
116	387
116	1346
116	1188
116	1499
116	812
73	589
73	799
73	558
221	1436
221	986
221	1112
221	507
221	947
221	1066
235	1173
235	16
235	891
235	872
164	383
164	371
164	834
281	734
281	274
182	501
182	1004
129	547
129	1276
45	710
45	734
131	218
131	71
230	1303
230	409
230	261
230	1566
230	1522
230	1541
126	768
126	434
231	246
280	1278
280	1560
280	555
280	1375
280	205
280	1492
280	163
280	1328
280	1120
280	1009
280	1640
288	458
288	1341
288	1425
152	421
152	923
152	1319
152	1578
152	407
217	1123
217	575
217	326
217	1295
79	1532
79	999
79	442
75	669
75	494
75	1594
75	796
245	453
282	1330
78	128
118	1238
118	574
118	1599
283	377
283	912
283	940
171	2
171	1532
107	148
226	1406
226	420
306	466
306	508
173	895
173	1210
185	1441
185	419
150	240
150	975
274	911
274	1599
274	416
188	412
188	703
188	1595
188	1452
188	184
48	492
48	1321
48	332
311	371
311	905
311	263
311	1644
311	879
311	704
311	808
311	607
311	476
311	237
311	295
311	1612
165	126
165	1436
208	1413
208	606
2	675
2	371
2	1248
205	1108
248	1473
248	571
248	669
93	1516
159	812
159	145
159	1552
159	1198
159	696
146	714
146	527
29	1111
29	1061
156	914
156	307
37	1139
37	707
37	1455
141	160
141	226
141	942
141	216
141	1240
195	55
195	545
195	505
195	140
108	466
108	235
47	838
255	1073
255	1417
255	518
255	1305
89	541
89	1055
89	1235
89	179
140	290
190	1582
190	1226
190	1502
24	997
24	422
24	1657
17	349
17	1512
313	1068
313	463
313	799
313	1112
313	60
313	1168
313	548
313	1315
313	923
313	1034
313	1542
53	1504
53	1137
124	1592
149	216
149	188
176	1219
176	744
176	880
106	1015
106	257
106	708
312	376
312	1332
312	1218
312	852
312	161
312	834
312	1154
312	829
312	79
175	891
175	1077
153	299
220	1404
143	394
199	1360
199	946
202	419
277	1148
277	266
277	510
206	370
206	1171
206	1294
76	245
76	873
76	1293
76	450
314	980
314	538
314	334
314	1431
314	590
314	136
314	165
314	346
314	1478
314	414
136	122
136	500
179	1168
179	1493
4	1086
304	712
304	635
3	1375
3	194
3	1642
227	320
227	327
227	1283
252	1268
212	791
310	1180
35	1075
147	1297
105	138
34	420
71	1140
71	44
51	1608
204	566
204	1410
315	315
315	1557
315	391
315	622
31	729
31	30
316	322
316	1620
316	1519
103	1292
103	674
318	1252
318	564
318	1356
318	494
318	1448
318	1169
318	970
30	1157
30	1174
120	1316
120	204
46	1629
46	140
289	795
289	687
209	1179
209	491
261	737
261	700
88	1157
9	56
247	1296
247	1400
321	1602
321	1448
321	1634
321	1250
321	583
266	1521
74	821
74	289
238	1196
238	1315
319	1297
323	631
323	565
323	1555
323	112
67	943
67	468
211	1264
211	1045
98	1270
98	560
12	463
12	1211
12	1131
40	1417
40	634
258	656
228	453
325	1468
325	15
325	1585
325	1102
325	948
325	49
320	770
320	1093
320	1000
320	730
320	967
320	1069
320	1612
326	1111
326	937
326	1496
326	1102
326	1082
326	703
326	373
326	955
327	983
327	761
327	361
327	1371
327	259
327	716
327	1044
327	1184
327	572
327	429
327	295
327	1215
183	1439
183	779
183	1131
328	747
328	30
328	288
328	954
328	1303
328	1568
328	1617
328	1023
328	1175
328	24
328	1384
328	573
322	1292
322	863
322	1478
330	10
330	815
330	746
330	623
330	1197
330	1046
27	43
331	1108
331	1397
331	1368
332	1212
332	900
332	168
332	1398
332	1639
332	1663
332	1401
332	563
329	1480
329	1159
329	1602
86	544
139	1096
300	1499
163	1566
333	123
333	1111
334	1304
334	639
334	1504
334	826
334	636
334	516
334	353
334	1423
334	1482
334	690
334	66
334	674
334	407
334	697
39	1201
324	1325
324	719
324	182
132	636
336	928
336	59
336	1424
336	136
336	39
336	462
335	357
169	1243
169	288
338	307
338	452
338	1148
339	1090
339	999
339	1193
339	1555
339	1137
339	1247
339	1541
339	360
339	1604
339	140
339	1170
309	1235
342	895
342	902
342	1524
342	1038
342	660
342	58
342	527
342	1084
342	798
340	128
340	334
317	32
341	1631
343	243
343	1190
343	412
343	1263
343	1092
343	1187
343	1279
343	810
343	575
343	409
344	1270
344	810
344	771
344	863
344	799
344	341
344	1397
344	727
345	1396
345	357
345	1472
345	1249
345	1197
345	1314
345	1032
345	635
345	1069
345	998
346	1063
346	1367
346	1655
346	320
346	1443
346	130
346	687
346	1002
347	488
347	1608
347	342
347	1619
347	645
347	1511
347	670
347	391
273	486
55	1655
349	884
349	1483
348	278
348	1350
348	768
354	1519
354	1029
354	1286
354	586
354	989
354	1437
354	951
354	110
354	215
354	938
351	1195
351	1529
358	975
358	1183
352	1044
352	1378
360	131
360	806
360	1117
360	370
360	352
363	703
363	793
363	586
363	484
363	369
363	1418
363	1311
363	1473
363	352
363	974
363	1239
363	1110
363	1228
355	414
355	138
362	1339
357	505
357	319
357	68
357	937
356	303
361	232
361	105
361	1619
361	1178
361	1329
365	1623
365	511
365	496
350	942
350	1234
367	939
367	1242
367	1453
368	1197
368	280
371	1220
371	124
371	1218
373	395
373	240
373	1367
373	943
373	901
373	424
373	111
373	1382
373	906
373	992
370	930
370	1495
370	1009
374	851
374	1466
374	663
374	1290
374	811
374	1601
374	1355
374	445
374	1610
374	964
374	1615
372	66
372	314
372	97
337	629
337	1194
378	749
378	760
378	1309
378	80
378	998
378	960
378	345
378	765
378	717
378	263
378	1059
378	612
378	681
378	548
378	589
366	1585
366	1154
377	657
377	1419
375	1471
375	634
359	194
359	1204
379	397
379	888
379	720
379	587
379	94
379	1116
379	690
379	474
380	873
380	73
380	171
380	954
380	217
380	145
380	915
381	1386
381	1192
381	4
381	245
381	355
381	18
385	758
385	1142
385	1269
385	956
385	1617
385	975
385	1198
385	827
385	786
385	130
385	1177
385	345
382	1549
382	1643
382	501
387	1085
387	220
387	77
387	631
387	1429
387	396
387	145
387	97
387	795
387	1068
387	319
387	288
387	639
364	740
369	1067
388	885
388	877
388	99
386	43
389	879
389	991
389	409
389	878
389	825
389	1452
389	751
389	75
389	1541
389	948
389	799
383	91
383	791
383	1020
390	1537
390	1191
393	1395
393	192
393	675
393	1364
393	155
393	767
393	1330
393	231
393	1545
393	1127
393	513
393	819
393	433
393	450
393	1207
393	1353
393	1254
393	573
392	362
392	1105
392	563
392	426
392	606
376	587
376	670
394	465
394	1015
394	900
394	876
394	1273
394	791
391	794
391	707
391	92
391	850
391	582
398	902
398	726
398	635
398	825
398	609
398	101
398	1344
397	1532
397	1533
397	499
397	564
397	1375
399	463
399	1043
399	748
399	149
399	813
399	674
399	81
399	538
399	158
399	1468
399	1141
399	76
399	1641
396	991
396	990
396	902
401	1609
401	1529
401	264
401	400
401	129
401	1664
401	868
402	1456
402	1394
402	642
384	805
395	344
395	804
395	1291
353	1260
403	947
403	1530
405	855
405	711
405	198
405	91
405	639
405	598
405	1129
405	124
405	1051
405	458
405	1363
405	873
405	1138
405	1595
405	158
405	989
405	350
405	1245
405	1038
405	1670
405	1641
405	224
405	751
405	1616
405	342
405	374
405	390
405	162
405	748
405	1531
400	710
406	1037
406	293
406	1297
406	306
406	1247
406	380
406	160
406	774
406	859
406	417
406	1041
406	1103
406	1099
406	399
407	124
407	783
407	1534
407	1340
407	1481
407	349
407	17
407	1026
407	1370
407	1031
409	47
409	944
409	1441
409	131
409	1490
409	1459
409	110
409	144
409	564
404	309
404	1662
413	793
413	293
416	634
416	1231
416	131
416	306
416	263
416	999
416	756
416	1146
416	446
416	1263
416	901
416	1090
416	942
416	1117
416	40
416	715
416	112
416	1384
416	841
416	1518
408	1313
408	630
410	230
410	713
411	1397
411	819
411	245
417	1238
417	935
417	984
417	1675
417	1532
417	75
417	1585
417	892
417	1074
417	868
417	233
417	763
417	901
417	304
417	862
412	996
412	189
412	321
420	991
420	1587
422	1377
422	303
422	1357
422	774
425	400
425	1246
425	886
425	627
425	1567
425	110
425	1598
425	396
425	253
419	334
419	550
415	733
423	1352
423	263
423	1530
429	1403
429	1655
429	986
429	379
429	386
429	1326
429	1465
429	1347
429	280
429	911
429	1652
429	5
429	1473
429	1250
429	850
429	547
429	1361
428	1632
428	667
428	523
427	1483
427	783
418	138
424	1291
424	1163
432	1441
432	401
432	126
421	1519
421	515
421	1361
435	1020
435	875
435	556
435	936
435	1438
435	965
435	909
435	577
435	1124
435	1078
435	1102
435	1402
435	1336
435	335
435	255
435	671
433	653
433	668
426	246
426	1319
426	1478
426	1341
426	710
436	1022
436	824
436	767
436	455
436	1597
436	970
430	1263
430	1554
430	640
434	507
434	1234
437	34
437	766
437	711
437	1247
437	460
437	555
437	1552
437	1652
437	1375
437	784
437	595
438	729
438	362
431	1053
442	326
442	698
442	1105
442	998
442	851
442	390
440	880
440	236
445	367
445	513
445	1077
445	851
445	612
445	255
447	922
447	124
447	379
447	809
447	911
447	1477
449	637
449	72
449	991
450	420
450	760
450	745
450	1481
450	54
450	1372
450	363
450	1032
450	463
450	1352
450	1
450	156
450	1215
450	1418
450	254
450	1187
450	146
450	1643
450	600
450	959
450	924
450	911
446	739
446	1272
439	1353
439	1630
451	232
451	1197
451	1305
451	23
452	1506
452	266
452	821
452	1275
452	320
452	678
452	222
452	1059
452	1259
454	1164
454	994
454	932
454	1568
454	444
454	1281
454	1102
454	1378
454	892
454	44
453	1224
453	160
453	894
453	149
453	1144
453	842
453	990
414	1471
455	711
455	1641
455	1014
455	872
455	998
455	720
455	266
455	320
444	1542
448	1061
448	132
457	76
457	1655
457	1465
457	1021
457	1332
457	1574
457	1557
457	373
457	383
457	1600
457	1551
457	625
456	649
456	320
456	912
456	706
456	1104
456	10
456	1015
456	1471
456	1528
458	365
458	1393
458	374
458	1223
458	877
458	352
458	1282
458	1582
462	9
462	397
459	1282
459	1185
459	14
459	1465
459	241
460	1393
460	1099
460	369
461	76
467	362
467	1510
468	1183
468	220
468	779
468	873
468	1199
468	1024
466	1119
466	138
466	163
466	509
466	1429
472	1481
472	1051
472	1449
472	760
472	907
472	1559
472	1207
472	1270
472	1552
472	869
472	282
465	669
465	1103
465	820
465	711
463	982
463	1449
463	589
463	1159
463	349
463	436
471	1643
471	248
474	794
474	1041
474	785
474	383
474	1093
474	1173
474	324
474	1553
474	1604
474	808
474	1629
474	1351
474	1206
474	455
469	683
469	1341
464	993
464	611
464	1198
476	1082
476	1014
476	729
476	919
478	1026
478	700
478	638
478	73
478	1080
473	57
473	1537
470	1315
470	817
470	906
480	109
480	407
480	1312
441	885
479	1587
479	946
479	392
479	756
479	1513
479	1555
479	477
479	689
479	506
484	166
484	997
484	637
484	1265
484	349
484	675
486	226
486	1402
486	107
486	402
486	1056
486	432
486	863
486	83
487	903
487	1334
487	1263
487	1234
487	1439
487	30
487	745
487	1129
487	476
487	567
482	186
482	86
481	1142
481	1152
481	982
492	1273
492	1596
492	217
493	438
493	1203
493	354
493	544
493	1376
493	1663
490	813
490	279
490	248
489	767
489	529
489	733
489	1211
489	54
483	398
483	1370
483	583
496	882
496	685
496	1428
496	1407
496	1042
496	1218
494	1139
494	952
495	915
495	1361
495	831
495	771
495	1622
495	706
495	882
495	1454
495	999
477	359
477	829
497	1058
497	1073
497	1388
497	545
497	505
497	1092
497	683
497	470
497	356
497	1364
497	1510
497	839
488	1488
488	1138
488	23
488	20
488	188
488	1211
488	1601
498	1628
498	779
498	111
498	207
498	441
498	1490
499	627
499	663
499	1112
499	867
499	558
491	1339
491	1120
500	218
500	1234
500	385
500	62
500	618
500	956
500	83
500	1670
500	1559
502	367
502	1208
503	372
503	1507
503	209
503	31
503	81
503	608
503	1609
504	694
504	849
504	1505
504	727
504	1160
504	229
504	360
504	1179
504	148
504	725
504	825
505	494
505	1001
505	231
505	673
505	798
506	164
506	119
506	1160
506	874
506	61
506	898
506	1294
506	808
506	634
506	1248
443	675
507	1284
507	427
507	551
514	1406
514	104
514	807
514	878
514	868
514	781
514	1003
514	775
508	494
508	1335
508	542
508	350
511	619
515	609
515	337
512	604
513	286
475	755
523	56
523	979
523	53
523	201
518	137
518	560
518	614
509	718
509	1412
516	427
510	1274
510	51
524	1638
524	317
524	1066
524	369
524	682
524	1470
524	970
524	1419
524	1380
524	570
524	639
524	900
524	1495
501	283
501	1589
501	1361
525	1060
525	671
525	853
521	274
521	1638
521	498
521	740
521	670
521	1007
520	1542
519	546
519	1385
528	106
528	966
528	761
532	6
532	261
532	649
532	1218
532	612
532	386
532	801
532	1115
532	707
532	1537
532	1379
530	809
530	62
531	875
531	634
529	1027
529	1119
517	1305
517	1254
527	1196
527	1071
527	1163
527	1607
527	1148
527	595
485	768
485	800
533	816
533	1178
533	268
533	613
533	1287
533	1495
533	1180
533	1392
533	212
533	363
533	1042
535	1338
535	1197
535	460
535	1057
535	436
535	739
535	1529
535	1519
535	832
536	532
536	1538
536	114
536	175
536	672
536	1146
536	1061
526	1316
526	404
526	922
537	1224
537	929
537	531
537	1448
537	758
537	1235
537	734
537	774
537	1553
537	142
537	1128
537	572
537	1165
537	1626
537	396
537	1174
537	831
537	1317
537	854
537	587
534	968
534	642
534	623
534	407
541	1225
541	1360
541	355
541	495
541	1065
541	321
538	551
538	1466
538	788
538	1293
542	1442
542	395
542	1396
542	954
542	895
542	1311
545	789
545	1567
545	1100
545	1417
545	1592
545	547
545	24
539	212
539	747
539	1434
547	1185
543	320
543	843
543	645
543	492
543	101
543	1347
543	547
543	1315
548	724
548	1052
548	49
548	790
548	1199
548	1023
548	798
546	737
546	826
546	224
522	1011
522	788
551	1156
551	953
551	1500
551	123
551	1380
551	830
551	1044
551	1040
551	1279
551	1320
551	769
551	784
551	1265
551	84
544	1243
544	72
553	785
553	1413
553	48
553	1213
552	941
552	548
552	1372
552	1006
540	1146
540	606
540	1189
554	87
554	631
554	617
554	1382
554	201
550	986
550	1523
556	568
556	1540
559	5
559	1300
559	1620
559	651
560	468
560	1654
560	861
560	1557
560	80
561	1286
561	643
561	304
561	1138
561	35
561	1392
561	949
561	308
561	1551
561	128
561	1345
561	1417
561	1065
561	1626
561	1365
563	346
563	1287
566	646
566	904
566	868
566	276
566	583
566	1518
557	1681
557	240
557	1400
558	1173
564	689
564	592
565	681
565	1245
573	124
573	579
573	1017
549	604
567	438
567	388
567	1437
567	495
567	1059
567	1398
567	151
569	555
569	342
569	590
562	996
562	47
562	1325
576	517
576	1027
577	1409
577	1292
577	813
577	126
577	1222
577	141
577	1628
577	523
579	501
579	661
579	53
574	1217
574	1442
555	582
555	1155
555	1193
572	1542
575	278
575	1595
584	391
588	403
588	853
588	1387
588	1080
588	335
588	1279
588	384
588	57
588	1249
587	113
587	454
587	221
587	535
568	1195
568	1404
568	393
568	1006
586	977
586	593
586	1149
586	1026
586	1409
586	1495
586	1523
585	1440
585	343
585	1611
585	789
582	80
582	670
582	29
591	551
591	130
591	1284
591	584
581	295
581	629
592	587
592	571
592	542
592	492
592	618
592	155
592	526
592	78
592	699
592	226
592	490
592	419
592	634
592	1332
592	679
580	1670
580	1036
590	360
590	123
593	1194
593	827
593	924
593	970
593	534
593	52
593	1152
583	1112
583	976
596	1550
570	67
599	773
599	246
589	91
589	109
594	582
597	1433
597	1340
578	1071
601	269
601	829
601	1009
601	73
601	964
601	471
602	353
602	1067
600	1328
600	528
600	1369
600	1139
605	97
605	915
605	169
605	965
603	815
603	289
595	184
595	236
595	1581
595	1443
606	559
606	665
606	167
606	1262
606	35
606	242
606	648
606	843
606	53
606	122
608	619
608	1626
608	1140
608	954
608	1484
608	1430
608	1123
607	1439
607	1181
610	27
610	541
610	1641
611	1660
611	1318
617	133
617	109
617	1118
617	938
617	149
618	1445
618	1217
618	1173
618	964
618	277
618	490
618	1097
618	332
618	789
614	861
614	738
609	122
609	996
615	868
615	548
615	836
615	513
615	205
616	1115
616	1140
620	156
620	1556
620	92
620	1631
620	285
571	424
619	58
619	1234
619	340
619	95
613	250
613	894
622	429
622	299
622	1222
622	999
622	371
622	700
622	457
622	1291
622	136
622	37
621	681
621	1024
621	785
621	762
621	58
621	1268
621	264
604	1416
604	686
624	1181
624	882
624	1393
624	1376
624	1253
624	1057
612	1484
612	1532
627	548
627	1219
627	576
627	1105
627	687
627	500
627	603
627	979
623	471
623	779
628	1042
628	959
625	56
625	1078
625	375
625	242
625	473
629	727
629	584
629	1186
629	1351
629	967
633	707
633	588
633	1258
632	1285
632	889
632	1246
632	171
632	1261
631	919
634	1064
634	1092
634	1057
634	1069
634	609
634	1510
639	416
639	1028
639	573
639	1431
639	4
639	1058
630	1113
630	260
630	1321
630	232
630	1096
642	444
642	1132
642	707
642	479
642	516
642	325
642	498
642	717
642	713
642	1022
642	483
642	1284
642	733
637	1259
637	833
637	1231
637	1630
637	504
640	1496
640	1519
640	1016
640	847
640	918
626	1620
626	1079
643	785
643	1174
643	452
643	755
643	1561
643	1183
643	34
643	295
643	1434
598	1533
638	860
638	1110
638	974
635	982
635	428
644	809
644	1308
636	757
645	1483
645	1385
645	1472
645	136
645	1146
648	810
648	1202
648	1032
648	270
648	1067
648	322
648	84
648	833
648	674
648	75
648	786
648	78
647	234
647	1134
647	154
650	919
650	948
650	1182
650	955
650	239
650	1440
650	826
650	433
650	1164
650	311
650	169
650	844
650	406
651	684
654	1225
654	777
654	1186
654	711
654	48
654	113
653	341
653	754
653	108
653	33
653	569
653	900
653	664
653	1299
653	697
653	1325
653	908
653	1313
655	1166
655	524
655	1399
655	368
655	408
655	621
655	1477
655	1481
655	756
655	525
655	870
655	1158
655	1035
655	1168
655	354
655	1246
655	841
655	1556
655	120
655	1664
655	1254
655	818
655	902
655	891
655	653
655	1419
655	979
655	1110
649	1325
658	1487
658	110
658	1349
656	683
660	667
660	920
660	784
660	1037
660	694
660	1514
660	1200
660	368
660	991
659	796
659	1190
659	715
659	1503
659	1407
659	278
659	411
659	1487
646	827
646	714
663	495
663	1058
663	1144
663	1337
663	1252
663	1679
663	1078
664	1355
664	971
664	586
664	1421
664	1551
664	1487
664	1370
657	229
657	1030
665	653
665	1449
665	215
665	258
665	1337
665	414
666	1672
666	1232
666	1581
666	312
666	1102
666	706
666	1179
666	115
666	1157
666	1382
661	387
661	163
661	1351
661	1234
661	1020
662	758
667	928
667	1656
641	1423
641	627
668	744
668	536
673	1518
673	35
671	1192
671	847
671	582
671	364
671	1410
669	575
669	1384
669	1032
669	1019
676	22
676	1041
676	1409
676	1497
674	1327
674	1074
652	1560
677	231
677	1380
682	430
682	1300
682	994
682	1025
682	1497
682	389
682	576
682	244
682	1513
682	1616
682	1439
682	1382
682	777
682	484
682	452
682	773
679	553
679	87
679	260
684	618
684	651
684	1061
684	287
685	835
683	1371
683	222
683	432
691	761
691	724
672	439
672	716
692	1219
692	740
690	689
690	927
690	1176
690	483
690	359
689	1421
689	491
686	881
686	312
686	251
693	1505
693	764
693	304
693	1165
693	1464
693	1483
693	256
688	1159
697	1431
697	1122
697	588
697	885
697	674
698	838
698	1477
698	372
698	1243
698	942
698	878
670	1152
670	246
694	287
694	1060
694	1673
694	1318
694	1516
694	1164
694	792
680	62
680	844
705	657
705	1564
705	1207
705	783
705	527
701	122
701	444
699	1054
699	420
699	432
699	233
699	1362
699	379
704	387
704	1541
704	428
704	1143
707	980
707	119
707	1554
707	737
707	1453
707	499
707	1492
707	1190
707	118
707	91
700	212
687	1419
695	610
695	1004
675	1531
675	1435
708	1100
708	1600
708	1644
708	1515
708	219
709	554
709	460
709	55
709	1427
709	387
709	1622
711	335
711	1175
711	340
711	108
711	342
711	1568
711	1192
711	39
711	702
710	822
710	962
710	970
710	590
712	610
712	831
712	1598
712	1173
712	1076
712	730
712	805
715	1249
715	498
715	1436
715	1183
715	1363
715	570
715	8
713	930
713	1161
716	793
716	1064
716	751
716	1373
716	1511
716	253
716	413
716	800
716	711
716	1066
716	76
681	985
678	1311
678	1334
719	1519
719	95
719	539
702	1249
702	355
721	486
721	246
721	1672
721	178
721	726
721	1364
721	895
714	456
714	1415
717	577
717	717
717	851
717	1676
718	1215
718	89
696	1036
696	541
722	572
722	1007
724	115
724	638
724	1131
724	1316
727	844
727	47
727	1135
727	823
727	1170
727	648
727	53
727	917
727	832
727	1602
727	1176
727	119
727	330
725	945
706	434
706	1261
720	1314
720	49
729	1605
726	741
728	487
728	1367
703	1348
703	1389
738	916
738	1381
738	1315
738	877
738	148
738	962
736	314
734	891
734	654
734	1503
730	1412
730	214
743	71
743	746
742	1441
742	1039
737	1402
737	414
733	561
733	83
733	771
733	1174
733	1109
745	348
745	200
745	1033
740	1373
735	1013
735	1073
735	774
747	1655
747	1088
747	1657
747	1662
747	642
747	335
747	1322
747	960
747	726
747	1502
747	1286
747	738
723	1391
739	1381
739	939
749	462
749	1073
749	396
749	1142
749	606
749	1285
749	1375
749	863
749	558
749	803
749	1220
749	1241
749	682
748	1411
748	1488
748	1015
748	764
748	128
746	1033
746	1332
746	352
731	646
731	31
731	532
731	1619
750	1421
750	903
741	824
741	843
741	659
741	842
741	1012
751	1596
751	774
751	1387
751	1530
751	1544
751	371
751	1262
756	1251
756	1278
756	668
756	254
756	252
757	211
757	1269
757	725
757	266
757	838
757	1356
757	983
752	1330
752	1112
752	1340
758	318
758	659
758	313
758	80
758	900
758	367
758	1336
758	445
758	34
758	503
758	1551
758	1079
758	718
758	1638
758	515
732	1453
762	878
744	118
744	26
754	1623
754	1509
753	339
753	1496
753	520
763	1654
763	840
763	836
763	1542
763	313
763	761
764	886
764	1496
764	848
764	1213
764	737
767	566
767	239
769	1221
769	1530
755	1643
755	1484
771	720
771	1463
771	1141
768	231
768	327
768	1221
773	69
773	222
773	285
773	662
773	1058
773	803
773	870
765	1121
772	178
772	618
766	933
766	815
766	1089
766	797
766	923
766	275
766	1003
774	1053
774	1348
774	326
774	21
774	647
774	508
774	30
774	359
774	1141
760	993
760	27
761	1301
761	139
761	1522
777	354
777	1067
759	860
759	1488
776	935
776	717
776	453
776	73
776	1453
780	877
780	1229
780	932
779	503
779	557
778	1555
778	1558
778	1054
782	789
782	265
782	341
782	1137
782	431
782	1433
782	162
782	1551
782	1622
782	345
786	241
786	1102
786	162
786	700
786	1313
784	499
784	902
770	1410
770	174
770	724
788	1413
788	189
788	1197
788	623
788	354
788	1371
788	1573
788	765
788	1226
788	1203
789	728
789	1427
790	1381
790	1051
790	366
790	828
790	626
790	809
790	1006
790	1472
790	77
790	1250
787	916
787	6
787	680
783	1172
783	19
785	391
785	336
794	1217
794	648
781	1116
781	795
796	1272
796	439
796	1217
796	663
796	1196
796	1424
796	581
796	1641
796	25
796	1175
796	24
796	719
796	595
796	177
796	953
795	1001
795	1185
795	1307
795	603
795	1600
795	1426
795	1471
793	20
793	1573
793	107
798	905
798	307
798	1076
798	241
798	496
798	837
798	41
798	1521
798	1640
798	1369
791	1328
802	154
802	1192
802	948
800	398
800	754
804	837
804	287
804	1336
804	1344
804	224
804	1105
804	976
804	1335
804	730
804	1138
804	95
804	744
804	1196
804	1282
803	1217
803	606
775	1254
775	241
792	359
792	1333
799	912
805	1181
805	705
805	1312
805	270
805	1204
805	632
805	1411
805	916
805	92
805	967
805	714
806	1335
806	1679
806	1202
806	1164
806	613
806	1170
807	1622
807	1248
807	188
807	841
807	862
807	344
807	1336
807	277
807	1343
797	1483
797	1422
801	525
801	665
809	274
815	462
815	104
815	1672
815	793
815	1482
815	729
815	813
815	1191
817	973
817	954
821	23
821	1146
821	475
818	998
814	1379
814	292
812	476
823	572
823	469
823	119
823	1000
823	566
823	1063
823	303
823	1089
825	1211
825	945
825	112
825	86
825	1615
825	975
827	1675
827	1027
829	1146
829	1644
829	1076
811	804
830	1245
830	1141
830	408
830	200
830	726
826	729
826	622
826	1385
826	851
826	780
831	926
831	1439
831	1459
819	1273
819	1306
828	1502
828	903
828	1003
828	359
828	1250
808	1486
835	1362
835	481
835	1411
835	145
835	545
833	584
833	631
833	1186
833	520
833	18
833	1471
833	386
833	1198
833	407
833	299
833	931
836	1559
836	14
816	507
838	1492
838	1054
838	126
838	1513
839	493
839	894
839	1600
840	1475
840	1037
840	1008
840	27
840	1325
840	894
840	335
840	417
832	457
810	981
810	607
844	40
844	1045
844	233
844	279
843	1499
843	1211
843	795
843	34
843	801
843	1300
843	469
843	898
843	1524
834	1023
834	1228
834	1381
846	36
846	1220
846	1250
846	152
846	249
846	639
846	1385
846	1
846	1131
846	763
846	998
846	442
846	948
846	1241
846	1160
846	263
846	713
837	805
837	1521
813	1004
813	1509
842	421
842	32
847	530
847	1275
847	736
847	1176
847	978
847	493
848	1595
848	649
848	40
848	1416
848	1397
848	1472
822	1386
852	48
852	1320
851	300
851	1219
851	788
851	408
851	1310
851	1553
851	256
851	1482
851	628
849	368
854	1256
854	1088
854	863
854	718
854	592
854	653
854	665
854	1350
854	323
850	631
850	375
850	670
858	1585
853	399
853	934
855	1364
824	210
845	1656
845	598
841	822
841	255
859	831
859	1642
862	162
862	1509
862	848
862	343
862	1060
862	25
862	832
856	1028
856	866
820	548
863	1070
863	903
863	859
863	1033
863	461
860	1104
860	600
860	1141
857	1361
864	991
864	1297
864	1375
864	1550
864	1657
864	1144
864	180
864	1660
864	988
864	861
864	378
864	481
865	1147
865	1605
865	1300
868	272
868	51
868	777
868	1505
868	981
868	1524
868	1441
868	670
868	299
867	875
867	617
867	1437
867	562
861	992
861	728
870	546
870	879
870	691
870	1362
870	227
870	941
870	1552
870	936
870	1302
870	1465
870	1178
871	1607
871	455
871	1314
871	213
871	294
875	543
875	1218
875	734
875	393
876	7
872	196
872	243
872	1332
866	1135
877	650
877	629
877	1087
877	762
873	248
880	1239
880	1305
880	275
880	1193
880	317
880	877
880	1386
880	1301
880	968
880	1084
880	371
880	650
880	169
880	540
880	635
878	1488
878	1250
878	1065
878	188
878	1500
878	1396
869	929
869	1656
881	1022
881	785
881	1417
881	402
881	493
881	1058
881	508
881	317
881	147
881	1116
881	110
879	1287
879	257
883	1660
883	505
883	684
883	1058
883	1014
883	320
883	29
883	790
883	1013
883	600
883	1488
882	576
882	1073
882	893
882	31
882	1020
882	1012
884	403
884	797
886	619
886	908
886	1219
886	1373
886	630
886	390
886	133
886	1484
886	833
886	335
885	1287
885	659
885	165
885	1549
885	1043
889	379
889	324
889	578
889	560
889	1279
889	1327
889	956
889	1382
889	1147
889	132
889	355
889	1592
889	860
889	103
874	1093
874	1000
892	723
892	1201
892	788
892	295
892	437
892	841
892	1225
892	1208
892	282
892	1427
890	117
890	199
890	419
890	293
890	506
893	1642
893	1488
893	1342
887	991
887	414
887	1276
887	333
887	336
887	355
887	227
891	799
891	494
894	1276
894	101
894	1035
894	445
894	1378
894	1184
894	927
894	1031
894	1601
894	108
896	501
896	767
896	1163
896	1347
896	178
896	1073
896	1199
896	745
896	548
896	47
896	105
896	826
896	1486
896	10
896	1210
897	1467
897	1493
897	941
897	1422
897	908
897	1506
897	653
897	1262
901	656
901	1564
901	1366
901	1433
901	421
899	844
899	1479
899	923
899	1549
899	626
899	1568
903	1299
903	748
903	114
903	1019
903	148
903	1317
904	1120
904	1389
907	887
907	759
907	432
907	4
907	1216
907	1448
905	620
905	570
902	661
902	1006
898	35
898	237
895	1235
906	1365
906	904
900	679
900	1192
908	1545
908	584
908	887
916	900
916	1587
916	364
916	843
916	225
916	964
916	837
916	1478
916	793
916	1004
916	861
916	420
916	980
911	1193
911	848
911	1670
911	1662
912	743
912	1641
912	1234
914	1327
918	306
918	1560
918	1532
918	5
918	1050
919	380
919	648
919	795
919	644
919	927
919	925
919	625
919	923
919	998
921	650
921	29
921	178
921	1012
921	130
910	879
910	1142
910	1235
913	845
913	133
913	1293
913	649
913	1008
913	32
915	325
915	560
922	908
922	103
922	1042
922	881
922	1244
922	1470
923	575
923	412
923	492
928	1093
928	774
927	908
927	487
927	963
927	644
927	1392
924	167
924	320
924	1416
924	667
929	911
929	1333
931	315
931	1672
931	201
917	551
917	1033
932	1416
932	402
932	1107
932	29
932	709
932	829
932	499
932	996
932	1090
932	653
909	859
909	673
934	114
934	1535
934	42
934	1324
934	953
934	1530
934	611
933	344
933	1056
933	472
933	235
933	1034
933	1314
933	1662
933	490
935	688
935	1282
938	1403
938	979
938	495
938	29
938	1602
940	1334
940	29
940	1463
940	810
940	299
888	1433
925	513
925	1349
942	658
942	314
942	1286
942	573
937	1120
937	1601
926	870
943	386
943	1635
943	587
943	823
943	881
943	1115
943	144
939	1501
939	908
936	384
936	647
936	199
936	1479
936	329
936	1078
930	808
930	1634
930	713
920	73
920	850
941	1154
